
     Program QE v.6.1 (svn rev. 13369) starts on  4Nov2017 at  9:18:56 

     This program is part of the open-source Quantum ESPRESSO suite
     for quantum simulation of materials; please cite
         "P. Giannozzi et al., J. Phys.:Condens. Matter 21 395502 (2009);
          URL http://www.quantum-espresso.org", 
     in publications or presentations arising from this work. More details at
     http://www.quantum-espresso.org/quote

     Parallel version (MPI), running on     8 processors
     R & G space division:  proc/nbgrp/npool/nimage =       8
 
     ***** This is GIPAW svn revision unknown      *****
 
     Parallelizing q-star over 1 images
     Message from routine gipaw_readin:
     *** iverbosity is obsolete, use verbosity instead ***

     Reading data from directory:
     /scratch/paruzzo/QEspresso/CCDC/CIFROY/wfc/scf.save

   Info: using nr1, nr2, nr3 values from input

   Info: using nr1, nr2, nr3 values from input

     IMPORTANT: XC functional enforced from input :
     Exchange-correlation      =  SLA  PW   PBX  PBC ( 1  4  3  4 0 0)
     Any further DFT definition will be discarded
     Please, verify this is what you really want

               file C.pbe-n-kjpaw_psl.0.1.UPF: wavefunction(s)  2P renormalized
               file N.pbe-n-kjpaw_psl.0.1.UPF: wavefunction(s)  2P renormalized
               file H.pbe-kjpaw_psl.0.1.UPF: wavefunction(s)  1S renormalized
               file O.pbe-n-kjpaw_psl.0.1.UPF: wavefunction(s)  2P renormalized
 
     Parallelization info
     --------------------
     sticks:   dense  smooth     PW     G-vecs:    dense   smooth      PW
     Min         672     672    175               103485   103485   13839
     Max         674     674    176               103489   103489   13846
     Sum        5385    5385   1405               827895   827895  110739
 

     Check: negative/imaginary core charge=   -0.000002    0.000000

     Subspace diagonalization in iterative solution of the eigenvalue problem:
     a serial algorithm will be used

     GIPAW projectors -----------------------------------------------
     atom=  C    l=0  rc=    1.3000  rs=    0.8667
     atom=  C    l=0  rc=    1.3000  rs=    0.8667
     atom=  C    l=1  rc=    1.4500  rs=    0.9667
     atom=  C    l=1  rc=    1.4500  rs=    0.9667
     projs nearly linearly dependent: l=0  n1,n2= 1, 2  s=  0.99877758
     projs nearly linearly dependent: l=1  n1,n2= 1, 2  s=  0.99940894
 
     atom=  N    l=0  rc=    1.3000  rs=    0.8667
     atom=  N    l=0  rc=    1.3000  rs=    0.8667
     atom=  N    l=1  rc=    1.4500  rs=    0.9667
     atom=  N    l=1  rc=    1.4500  rs=    0.9667
     projs nearly linearly dependent: l=0  n1,n2= 1, 2  s=  0.99709514
     projs nearly linearly dependent: l=1  n1,n2= 1, 2  s=  0.99857174
 
     atom=  H    l=0  rc=    1.0000  rs=    0.6667
     atom=  H    l=0  rc=    1.0000  rs=    0.6667
     projs nearly linearly dependent: l=0  n1,n2= 1, 2  s=  0.99968852
 
     atom=  O    l=0  rc=    1.3500  rs=    0.9000
     atom=  O    l=0  rc=    1.3500  rs=    0.9000
     atom=  O    l=1  rc=    1.3500  rs=    0.9000
     atom=  O    l=1  rc=    1.3500  rs=    0.9000
     projs nearly linearly dependent: l=0  n1,n2= 1, 2  s=  0.99100135
     projs nearly linearly dependent: l=1  n1,n2= 1, 2  s=  0.99790100
     -----------------------------------------------------------------
 
     alpha_pv=     48.5299 eV
 
     q-space interpolation up to   110.00 Rydberg
 
     GIPAW job: nmr                                                                             
     NMR macroscopic correction: yes
             0.6667          0.0000          0.0000
             0.0000          0.6667          0.0000
             0.0000          0.0000          0.6667

 
     Largest allocated arrays     est. size (Mb)     dimensions
        KS wavefunctions at k          39.76 Mb     (   12963,  201)
        KS wavefunctions at k+q        39.76 Mb     (   12963,  201)
        First-order wavefunctions     397.58 Mb     (   12963,  201, 10)
        First-order wavefunct (US)    238.55 Mb     (   12963,  201,  6)
        Charge/spin density             1.85 Mb     (  243000,    1)
        Induced current                16.69 Mb     (  243000,    3,3,1)
        Induced magnetic field         16.69 Mb     (  243000,    3,3,1)
        NL pseudopotentials           107.60 Mb     (   12963,  544)
        GIPAW NL terms                107.60 Mb     (   12963,  544)
 
     Computing the magnetic susceptibility     isolve=0    ethr=  0.1000E-13
     k-point #    1 of     3      pool #  1    cpu time:     144.0
     Rotating WFCS
     c_bands:  1 eigenvalues not converged
     Rotating WFCS
     c_bands:  1 eigenvalues not converged
     Rotating WFCS
     c_bands:  1 eigenvalues not converged
     Rotating WFCS
     c_bands:  1 eigenvalues not converged
     Rotating WFCS
     c_bands:  1 eigenvalues not converged
     Rotating WFCS
     c_bands:  1 eigenvalues not converged
     Rotating WFCS
     c_bands:  1 eigenvalues not converged
     k-point #    2 of     3      pool #  1    cpu time:    6352.6
     Rotating WFCS
     c_bands:  2 eigenvalues not converged
     Rotating WFCS
     c_bands:  1 eigenvalues not converged
     Rotating WFCS
     c_bands:  1 eigenvalues not converged
     Rotating WFCS
     c_bands:  1 eigenvalues not converged
     Rotating WFCS
     c_bands:  1 eigenvalues not converged
     Rotating WFCS
     c_bands:  1 eigenvalues not converged
     Rotating WFCS
     c_bands:  1 eigenvalues not converged
     k-point #    3 of     3      pool #  1    cpu time:   12632.9
     Rotating WFCS
     c_bands:  1 eigenvalues not converged
     Rotating WFCS
     c_bands:  1 eigenvalues not converged
     Rotating WFCS
     c_bands:  1 eigenvalues not converged
     Rotating WFCS
     c_bands:  1 eigenvalues not converged
     Rotating WFCS
     c_bands:  1 eigenvalues not converged
     Rotating WFCS
     c_bands:  1 eigenvalues not converged
     Rotating WFCS
     c_bands:  1 eigenvalues not converged
     End of magnetic susceptibility calculation
 
     f-sum rule (1st term):
          -318.9171          0.0000          0.0000
             0.0000       -318.9171          0.0000
             0.0000          0.0000       -319.0017

     f-sum rule (2nd term):
            -7.3221          0.0000          0.0000
             0.0000         -7.3221          0.0000
             0.0000          0.0000         -7.2371

     f-sum rule (should be  -326.2390):
          -326.2392          0.0000          0.0000
             0.0000       -326.2392          0.0000
             0.0000          0.0000       -326.2388

     chi_bare pGv (HH) in paratec units:
       -81.465941     -0.133982      0.000722
        -0.134036    -82.731707     -0.001685
         0.000545      0.000209    -84.506745

       -82.098824      0.000000      0.000000
         0.000000    -82.098824      0.000000
         0.000000      0.000000    -84.506745

     chi_bare vGv (VV) in paratec units:
       -78.323178     -0.139945      0.000389
        -0.139992    -79.645700      0.000330
         0.000564      0.000692    -81.128626

       -78.984439      0.000000      0.000000
         0.000000    -78.984439      0.000000
         0.000000      0.000000    -81.128626

     chi_bare pGv (HH) in 10^{-6} cm^3/mol:
          -390.1413          0.0000          0.0000
             0.0000       -390.1413          0.0000
             0.0000          0.0000       -401.5840

     chi_bare vGv (VV) in 10^{-6} cm^3/mol:
          -375.3415          0.0000          0.0000
             0.0000       -375.3415          0.0000
             0.0000          0.0000       -385.5309

     Contributions to the NMR chemical shifts: -------------------------------
 
     Macroscopic shape contribution in ppm:                    6.04
             5.9778          0.0000          0.0000
             0.0000          5.9778          0.0000
             0.0000          0.0000          6.1532

 
     Core contribution in ppm:
 
     Atom  1  N   pos: (  0.463890  0.023814  0.038800)  core sigma:         235.78
     Atom  2  N   pos: (  0.476186  0.963890  0.737913)  core sigma:         235.78
     Atom  3  N   pos: (  0.536110  0.976186  1.437025)  core sigma:         235.78
     Atom  4  N   pos: (  0.523814  0.036110  2.136138)  core sigma:         235.78
     Atom  5  N   pos: (  0.023814  0.463890  2.757650)  core sigma:         235.78
     Atom  6  N   pos: (  0.963890  0.476186  2.058537)  core sigma:         235.78
     Atom  7  N   pos: (  0.976186  0.536110  1.359425)  core sigma:         235.78
     Atom  8  N   pos: (  0.036110  0.523814  0.660312)  core sigma:         235.78
     Atom  9  N   pos: (  0.341927  0.070259  0.184406)  core sigma:         235.78
     Atom 10  N   pos: (  0.429741  0.841927  0.883519)  core sigma:         235.78
     Atom 11  N   pos: (  0.658073  0.929741  1.582631)  core sigma:         235.78
     Atom 12  N   pos: (  0.570259  0.158073  2.281744)  core sigma:         235.78
     Atom 13  N   pos: (  0.070259  0.341927  2.612044)  core sigma:         235.78
     Atom 14  N   pos: (  0.841927  0.429741  1.912931)  core sigma:         235.78
     Atom 15  N   pos: (  0.929741  0.658073  1.213819)  core sigma:         235.78
     Atom 16  N   pos: (  0.158073  0.570259  0.514706)  core sigma:         235.78
     Atom 17  C   pos: (  0.200494  0.941072  0.158481)  core sigma:         200.51
     Atom 18  C   pos: (  0.558928  0.700494  0.857593)  core sigma:         200.51
     Atom 19  C   pos: (  0.799506  0.058928  1.556706)  core sigma:         200.51
     Atom 20  C   pos: (  0.441072  0.299506  2.255818)  core sigma:         200.51
     Atom 21  C   pos: (  0.941072  0.200494  2.637969)  core sigma:         200.51
     Atom 22  C   pos: (  0.700494  0.558928  1.938856)  core sigma:         200.51
     Atom 23  C   pos: (  0.058928  0.799506  1.239744)  core sigma:         200.51
     Atom 24  C   pos: (  0.299506  0.441072  0.540631)  core sigma:         200.51
     Atom 25  N   pos: (  0.222959  0.817584  0.007311)  core sigma:         235.78
     Atom 26  N   pos: (  0.682416  0.722959  0.706423)  core sigma:         235.78
     Atom 27  N   pos: (  0.777041  0.182416  1.405536)  core sigma:         235.78
     Atom 28  N   pos: (  0.317584  0.277041  2.104648)  core sigma:         235.78
     Atom 29  N   pos: (  0.817584  0.222959  2.789139)  core sigma:         235.78
     Atom 30  N   pos: (  0.722959  0.682416  2.090026)  core sigma:         235.78
     Atom 31  N   pos: (  0.182416  0.777041  1.390914)  core sigma:         235.78
     Atom 32  N   pos: (  0.277041  0.317584  0.691802)  core sigma:         235.78
     Atom 33  C   pos: (  0.393780  0.873446  2.730881)  core sigma:         200.51
     Atom 34  C   pos: (  0.626554  0.893780  0.633544)  core sigma:         200.51
     Atom 35  C   pos: (  0.606220  0.126554  1.332656)  core sigma:         200.51
     Atom 36  C   pos: (  0.373446  0.106220  2.031769)  core sigma:         200.51
     Atom 37  C   pos: (  0.873446  0.393780  0.065569)  core sigma:         200.51
     Atom 38  C   pos: (  0.893780  0.626554  2.162906)  core sigma:         200.51
     Atom 39  C   pos: (  0.126554  0.606220  1.463794)  core sigma:         200.51
     Atom 40  C   pos: (  0.106220  0.373446  0.764681)  core sigma:         200.51
     Atom 41  N   pos: (  0.030781  0.936080  0.283706)  core sigma:         235.78
     Atom 42  N   pos: (  0.563920  0.530781  0.982818)  core sigma:         235.78
     Atom 43  N   pos: (  0.969219  0.063920  1.681931)  core sigma:         235.78
     Atom 44  N   pos: (  0.436080  0.469219  2.381043)  core sigma:         235.78
     Atom 45  N   pos: (  0.936080  0.030781  2.512744)  core sigma:         235.78
     Atom 46  N   pos: (  0.530781  0.563920  1.813631)  core sigma:         235.78
     Atom 47  N   pos: (  0.063920  0.969219  1.114519)  core sigma:         235.78
     Atom 48  N   pos: (  0.469219  0.436080  0.415406)  core sigma:         235.78
     Atom 49  O   pos: (  0.900575  0.820636  0.239579)  core sigma:         271.07
     Atom 50  O   pos: (  0.679364  0.400575  0.938691)  core sigma:         271.07
     Atom 51  O   pos: (  0.099425  0.179364  1.637804)  core sigma:         271.07
     Atom 52  O   pos: (  0.320636  0.599425  2.336916)  core sigma:         271.07
     Atom 53  O   pos: (  0.820636  0.900575  2.556871)  core sigma:         271.07
     Atom 54  O   pos: (  0.400575  0.679364  1.857759)  core sigma:         271.07
     Atom 55  O   pos: (  0.179364  0.099425  1.158646)  core sigma:         271.07
     Atom 56  O   pos: (  0.599425  0.320636  0.459534)  core sigma:         271.07
     Atom 57  O   pos: (  0.027189  0.047884  0.423931)  core sigma:         271.07
     Atom 58  O   pos: (  0.452116  0.527189  1.123044)  core sigma:         271.07
     Atom 59  O   pos: (  0.972811  0.952116  1.822156)  core sigma:         271.07
     Atom 60  O   pos: (  0.547884  0.472811  2.521269)  core sigma:         271.07
     Atom 61  O   pos: (  0.047884  0.027189  2.372519)  core sigma:         271.07
     Atom 62  O   pos: (  0.527189  0.452116  1.673406)  core sigma:         271.07
     Atom 63  O   pos: (  0.952116  0.972811  0.974294)  core sigma:         271.07
     Atom 64  O   pos: (  0.472811  0.547884  0.275181)  core sigma:         271.07
     Atom 65  H   pos: (  0.597927  0.097549  0.022594)  core sigma:           0.00
     Atom 66  H   pos: (  0.402451  0.097927  0.721706)  core sigma:           0.00
     Atom 67  H   pos: (  0.402073  0.902451  1.420819)  core sigma:           0.00
     Atom 68  H   pos: (  0.597549  0.902073  2.119931)  core sigma:           0.00
     Atom 69  H   pos: (  0.097549  0.597927  2.773856)  core sigma:           0.00
     Atom 70  H   pos: (  0.097927  0.402451  2.074744)  core sigma:           0.00
     Atom 71  H   pos: (  0.902451  0.402073  1.375631)  core sigma:           0.00
     Atom 72  H   pos: (  0.902073  0.597549  0.676519)  core sigma:           0.00
     Atom 73  H   pos: (  0.468748  0.807002  2.609210)  core sigma:           0.00
     Atom 74  H   pos: (  0.692998  0.968748  0.511873)  core sigma:           0.00
     Atom 75  H   pos: (  0.531252  0.192998  1.210985)  core sigma:           0.00
     Atom 76  H   pos: (  0.307002  0.031252  1.910098)  core sigma:           0.00
     Atom 77  H   pos: (  0.807002  0.468748  0.187240)  core sigma:           0.00
     Atom 78  H   pos: (  0.968748  0.692998  2.284577)  core sigma:           0.00
     Atom 79  H   pos: (  0.192998  0.531252  1.585464)  core sigma:           0.00
     Atom 80  H   pos: (  0.031252  0.307002  0.886352)  core sigma:           0.00
 
     Bare contribution in ppm:
 
     Atom  1  N   pos: (  0.463890  0.023814  0.038800)  bare sigma:         -29.12
           -50.6542        -24.2798         23.2510
           -27.0542        -16.6025        -13.6386
            25.0467        -17.0519        -20.1048

     Atom  2  N   pos: (  0.476186  0.963890  0.737913)  bare sigma:         -29.12
           -16.6025         27.0542         13.6386
            24.2798        -50.6542         23.2510
            17.0519         25.0467        -20.1048

     Atom  3  N   pos: (  0.536110  0.976186  1.437025)  bare sigma:         -29.12
           -50.6542        -24.2798        -23.2510
           -27.0542        -16.6025         13.6386
           -25.0467         17.0519        -20.1048

     Atom  4  N   pos: (  0.523814  0.036110  2.136138)  bare sigma:         -29.12
           -16.6025         27.0542        -13.6386
            24.2798        -50.6542        -23.2510
           -17.0519        -25.0467        -20.1048

     Atom  5  N   pos: (  0.023814  0.463890  2.757650)  bare sigma:         -29.12
           -16.6025        -27.0542         13.6386
           -24.2798        -50.6542        -23.2510
            17.0519        -25.0467        -20.1048

     Atom  6  N   pos: (  0.963890  0.476186  2.058537)  bare sigma:         -29.12
           -50.6542         24.2798        -23.2510
            27.0542        -16.6025        -13.6386
           -25.0467        -17.0519        -20.1048

     Atom  7  N   pos: (  0.976186  0.536110  1.359425)  bare sigma:         -29.12
           -16.6025        -27.0542        -13.6386
           -24.2798        -50.6542         23.2510
           -17.0519         25.0467        -20.1048

     Atom  8  N   pos: (  0.036110  0.523814  0.660312)  bare sigma:         -29.12
           -50.6542         24.2798         23.2510
            27.0542        -16.6025         13.6386
            25.0467         17.0519        -20.1048

     Atom  9  N   pos: (  0.341927  0.070259  0.184406)  bare sigma:         -53.35
           -93.1398        -38.1728         62.6613
           -37.3839        -18.9124        -31.5359
            66.9248        -34.2944        -47.9943

     Atom 10  N   pos: (  0.429741  0.841927  0.883519)  bare sigma:         -53.35
           -18.9124         37.3839         31.5359
            38.1728        -93.1398         62.6613
            34.2944         66.9248        -47.9943

     Atom 11  N   pos: (  0.658073  0.929741  1.582631)  bare sigma:         -53.35
           -93.1398        -38.1728        -62.6613
           -37.3839        -18.9124         31.5359
           -66.9248         34.2944        -47.9943

     Atom 12  N   pos: (  0.570259  0.158073  2.281744)  bare sigma:         -53.35
           -18.9124         37.3839        -31.5359
            38.1728        -93.1398        -62.6613
           -34.2944        -66.9248        -47.9943

     Atom 13  N   pos: (  0.070259  0.341927  2.612044)  bare sigma:         -53.35
           -18.9124        -37.3839         31.5359
           -38.1728        -93.1398        -62.6613
            34.2944        -66.9248        -47.9943

     Atom 14  N   pos: (  0.841927  0.429741  1.912931)  bare sigma:         -53.35
           -93.1398         38.1728        -62.6613
            37.3839        -18.9124        -31.5359
           -66.9248        -34.2944        -47.9943

     Atom 15  N   pos: (  0.929741  0.658073  1.213819)  bare sigma:         -53.35
           -18.9124        -37.3839        -31.5359
           -38.1728        -93.1398         62.6613
           -34.2944         66.9248        -47.9943

     Atom 16  N   pos: (  0.158073  0.570259  0.514706)  bare sigma:         -53.35
           -93.1398         38.1728         62.6613
            37.3839        -18.9124         31.5359
            66.9248         34.2944        -47.9943

     Atom 17  C   pos: (  0.200494  0.941072  0.158481)  bare sigma:         -70.16
           -76.9065         -0.3414         22.7633
            -5.3332        -58.6683         -7.7484
            23.4689        -10.1546        -74.9038

     Atom 18  C   pos: (  0.558928  0.700494  0.857593)  bare sigma:         -70.16
           -58.6683          5.3332          7.7484
             0.3414        -76.9065         22.7633
            10.1546         23.4689        -74.9038

     Atom 19  C   pos: (  0.799506  0.058928  1.556706)  bare sigma:         -70.16
           -76.9065         -0.3414        -22.7633
            -5.3332        -58.6683          7.7484
           -23.4689         10.1546        -74.9038

     Atom 20  C   pos: (  0.441072  0.299506  2.255818)  bare sigma:         -70.16
           -58.6683          5.3332         -7.7484
             0.3414        -76.9065        -22.7633
           -10.1546        -23.4689        -74.9038

     Atom 21  C   pos: (  0.941072  0.200494  2.637969)  bare sigma:         -70.16
           -58.6683         -5.3332          7.7484
            -0.3414        -76.9065        -22.7633
            10.1546        -23.4689        -74.9038

     Atom 22  C   pos: (  0.700494  0.558928  1.938856)  bare sigma:         -70.16
           -76.9065          0.3414        -22.7633
             5.3332        -58.6683         -7.7484
           -23.4689        -10.1546        -74.9038

     Atom 23  C   pos: (  0.058928  0.799506  1.239744)  bare sigma:         -70.16
           -58.6683         -5.3332         -7.7484
            -0.3414        -76.9065         22.7633
           -10.1546         23.4689        -74.9038

     Atom 24  C   pos: (  0.299506  0.441072  0.540631)  bare sigma:         -70.16
           -76.9065          0.3414         22.7633
             5.3332        -58.6683          7.7484
            23.4689         10.1546        -74.9038

     Atom 25  N   pos: (  0.222959  0.817584  0.007311)  bare sigma:         -31.37
           -45.9256        -24.5223         49.0686
           -28.6180        -11.5037        -44.3405
            48.3735        -48.6775        -36.6856

     Atom 26  N   pos: (  0.682416  0.722959  0.706423)  bare sigma:         -31.37
           -11.5037         28.6180         44.3405
            24.5223        -45.9256         49.0686
            48.6775         48.3735        -36.6856

     Atom 27  N   pos: (  0.777041  0.182416  1.405536)  bare sigma:         -31.37
           -45.9256        -24.5223        -49.0686
           -28.6180        -11.5037         44.3405
           -48.3735         48.6775        -36.6856

     Atom 28  N   pos: (  0.317584  0.277041  2.104648)  bare sigma:         -31.37
           -11.5037         28.6180        -44.3405
            24.5223        -45.9256        -49.0686
           -48.6775        -48.3735        -36.6856

     Atom 29  N   pos: (  0.817584  0.222959  2.789139)  bare sigma:         -31.37
           -11.5037        -28.6180         44.3405
           -24.5223        -45.9256        -49.0686
            48.6775        -48.3735        -36.6856

     Atom 30  N   pos: (  0.722959  0.682416  2.090026)  bare sigma:         -31.37
           -45.9256         24.5223        -49.0686
            28.6180        -11.5037        -44.3405
           -48.3735        -48.6775        -36.6856

     Atom 31  N   pos: (  0.182416  0.777041  1.390914)  bare sigma:         -31.37
           -11.5037        -28.6180        -44.3405
           -24.5223        -45.9256         49.0686
           -48.6775         48.3735        -36.6856

     Atom 32  N   pos: (  0.277041  0.317584  0.691802)  bare sigma:         -31.37
           -45.9256         24.5223         49.0686
            28.6180        -11.5037         44.3405
            48.3735         48.6775        -36.6856

     Atom 33  C   pos: (  0.393780  0.873446  2.730881)  bare sigma:         -61.63
           -66.2131        -13.7101         20.3761
           -14.1383        -55.2800        -26.7853
            23.5022        -26.8148        -63.3909

     Atom 34  C   pos: (  0.626554  0.893780  0.633544)  bare sigma:         -61.63
           -55.2800         14.1383         26.7853
            13.7101        -66.2131         20.3761
            26.8148         23.5022        -63.3909

     Atom 35  C   pos: (  0.606220  0.126554  1.332656)  bare sigma:         -61.63
           -66.2131        -13.7101        -20.3761
           -14.1383        -55.2800         26.7853
           -23.5022         26.8148        -63.3909

     Atom 36  C   pos: (  0.373446  0.106220  2.031769)  bare sigma:         -61.63
           -55.2800         14.1383        -26.7853
            13.7101        -66.2131        -20.3761
           -26.8148        -23.5022        -63.3909

     Atom 37  C   pos: (  0.873446  0.393780  0.065569)  bare sigma:         -61.63
           -55.2800        -14.1383         26.7853
           -13.7101        -66.2131        -20.3761
            26.8148        -23.5022        -63.3909

     Atom 38  C   pos: (  0.893780  0.626554  2.162906)  bare sigma:         -61.63
           -66.2131         13.7101        -20.3761
            14.1383        -55.2800        -26.7853
           -23.5022        -26.8148        -63.3909

     Atom 39  C   pos: (  0.126554  0.606220  1.463794)  bare sigma:         -61.63
           -55.2800        -14.1383        -26.7853
           -13.7101        -66.2131         20.3761
           -26.8148         23.5022        -63.3909

     Atom 40  C   pos: (  0.106220  0.373446  0.764681)  bare sigma:         -61.63
           -66.2131         13.7101         20.3761
            14.1383        -55.2800         26.7853
            23.5022         26.8148        -63.3909

     Atom 41  N   pos: (  0.030781  0.936080  0.283706)  bare sigma:         -76.91
           -97.5008        -16.7520         29.6775
           -15.7685        -54.8244        -19.1445
            29.6685        -21.6015        -78.4128

     Atom 42  N   pos: (  0.563920  0.530781  0.982818)  bare sigma:         -76.91
           -54.8244         15.7685         19.1445
            16.7520        -97.5008         29.6775
            21.6015         29.6685        -78.4128

     Atom 43  N   pos: (  0.969219  0.063920  1.681931)  bare sigma:         -76.91
           -97.5008        -16.7520        -29.6775
           -15.7685        -54.8244         19.1445
           -29.6685         21.6015        -78.4128

     Atom 44  N   pos: (  0.436080  0.469219  2.381043)  bare sigma:         -76.91
           -54.8244         15.7685        -19.1445
            16.7520        -97.5008        -29.6775
           -21.6015        -29.6685        -78.4128

     Atom 45  N   pos: (  0.936080  0.030781  2.512744)  bare sigma:         -76.91
           -54.8244        -15.7685         19.1445
           -16.7520        -97.5008        -29.6775
            21.6015        -29.6685        -78.4128

     Atom 46  N   pos: (  0.530781  0.563920  1.813631)  bare sigma:         -76.91
           -97.5008         16.7520        -29.6775
            15.7685        -54.8244        -19.1445
           -29.6685        -21.6015        -78.4128

     Atom 47  N   pos: (  0.063920  0.969219  1.114519)  bare sigma:         -76.91
           -54.8244        -15.7685        -19.1445
           -16.7520        -97.5008         29.6775
           -21.6015         29.6685        -78.4128

     Atom 48  N   pos: (  0.469219  0.436080  0.415406)  bare sigma:         -76.91
           -97.5008         16.7520         29.6775
            15.7685        -54.8244         19.1445
            29.6685         21.6015        -78.4128

     Atom 49  O   pos: (  0.900575  0.820636  0.239579)  bare sigma:         -94.42
          -122.1843        -92.4282          7.0441
           -56.3133        -72.5826        -94.6803
            49.9805        -73.9878        -88.5012

     Atom 50  O   pos: (  0.679364  0.400575  0.938691)  bare sigma:         -94.42
           -72.5826         56.3133         94.6803
            92.4282       -122.1843          7.0441
            73.9878         49.9805        -88.5012

     Atom 51  O   pos: (  0.099425  0.179364  1.637804)  bare sigma:         -94.42
          -122.1843        -92.4282         -7.0441
           -56.3133        -72.5826         94.6803
           -49.9805         73.9878        -88.5012

     Atom 52  O   pos: (  0.320636  0.599425  2.336916)  bare sigma:         -94.42
           -72.5826         56.3133        -94.6803
            92.4282       -122.1843         -7.0441
           -73.9878        -49.9805        -88.5012

     Atom 53  O   pos: (  0.820636  0.900575  2.556871)  bare sigma:         -94.42
           -72.5826        -56.3133         94.6803
           -92.4282       -122.1843         -7.0441
            73.9878        -49.9805        -88.5012

     Atom 54  O   pos: (  0.400575  0.679364  1.857759)  bare sigma:         -94.42
          -122.1843         92.4282         -7.0441
            56.3133        -72.5826        -94.6803
           -49.9805        -73.9878        -88.5012

     Atom 55  O   pos: (  0.179364  0.099425  1.158646)  bare sigma:         -94.42
           -72.5826        -56.3133        -94.6803
           -92.4282       -122.1843          7.0441
           -73.9878         49.9805        -88.5012

     Atom 56  O   pos: (  0.599425  0.320636  0.459534)  bare sigma:         -94.42
          -122.1843         92.4282          7.0441
            56.3133        -72.5826         94.6803
            49.9805         73.9878        -88.5012

     Atom 57  O   pos: (  0.027189  0.047884  0.423931)  bare sigma:         -92.40
          -102.1915        -40.1885         55.4621
           -73.0745        -69.7774        -80.5553
            16.1881       -108.8825       -105.2174

     Atom 58  O   pos: (  0.452116  0.527189  1.123044)  bare sigma:         -92.40
           -69.7774         73.0745         80.5553
            40.1885       -102.1915         55.4621
           108.8825         16.1881       -105.2174

     Atom 59  O   pos: (  0.972811  0.952116  1.822156)  bare sigma:         -92.40
          -102.1915        -40.1885        -55.4621
           -73.0745        -69.7774         80.5553
           -16.1881        108.8825       -105.2174

     Atom 60  O   pos: (  0.547884  0.472811  2.521269)  bare sigma:         -92.40
           -69.7774         73.0745        -80.5553
            40.1885       -102.1915        -55.4621
          -108.8825        -16.1881       -105.2174

     Atom 61  O   pos: (  0.047884  0.027189  2.372519)  bare sigma:         -92.40
           -69.7774        -73.0745         80.5553
           -40.1885       -102.1915        -55.4621
           108.8825        -16.1881       -105.2174

     Atom 62  O   pos: (  0.527189  0.452116  1.673406)  bare sigma:         -92.40
          -102.1915         40.1885        -55.4621
            73.0745        -69.7774        -80.5553
           -16.1881       -108.8825       -105.2174

     Atom 63  O   pos: (  0.952116  0.972811  0.974294)  bare sigma:         -92.40
           -69.7774        -73.0745        -80.5553
           -40.1885       -102.1915         55.4621
          -108.8825         16.1881       -105.2174

     Atom 64  O   pos: (  0.472811  0.547884  0.275181)  bare sigma:         -92.40
          -102.1915         40.1885         55.4621
            73.0745        -69.7774         80.5553
            16.1881        108.8825       -105.2174

     Atom 65  H   pos: (  0.597927  0.097549  0.022594)  bare sigma:           6.67
            15.1473         10.3905         -6.9062
             7.0352          4.2074          4.4704
            -2.0754          2.9490          0.6648

     Atom 66  H   pos: (  0.402451  0.097927  0.721706)  bare sigma:           6.67
             4.2074         -7.0352         -4.4704
           -10.3905         15.1473         -6.9062
            -2.9490         -2.0754          0.6648

     Atom 67  H   pos: (  0.402073  0.902451  1.420819)  bare sigma:           6.67
            15.1473         10.3905          6.9062
             7.0352          4.2074         -4.4704
             2.0754         -2.9490          0.6648

     Atom 68  H   pos: (  0.597549  0.902073  2.119931)  bare sigma:           6.67
             4.2074         -7.0352          4.4704
           -10.3905         15.1473          6.9062
             2.9490          2.0754          0.6648

     Atom 69  H   pos: (  0.097549  0.597927  2.773856)  bare sigma:           6.67
             4.2074          7.0352         -4.4704
            10.3905         15.1473          6.9062
            -2.9490          2.0754          0.6648

     Atom 70  H   pos: (  0.097927  0.402451  2.074744)  bare sigma:           6.67
            15.1473        -10.3905          6.9062
            -7.0352          4.2074          4.4704
             2.0754          2.9490          0.6648

     Atom 71  H   pos: (  0.902451  0.402073  1.375631)  bare sigma:           6.67
             4.2074          7.0352          4.4704
            10.3905         15.1473         -6.9062
             2.9490         -2.0754          0.6648

     Atom 72  H   pos: (  0.902073  0.597549  0.676519)  bare sigma:           6.67
            15.1473        -10.3905         -6.9062
            -7.0352          4.2074         -4.4704
            -2.0754         -2.9490          0.6648

     Atom 73  H   pos: (  0.468748  0.807002  2.609210)  bare sigma:          13.91
            13.4249          1.1593         -3.0291
            -0.5799         14.7985          5.1559
             0.2067          2.4126         13.5000

     Atom 74  H   pos: (  0.692998  0.968748  0.511873)  bare sigma:          13.91
            14.7985          0.5799         -5.1559
            -1.1593         13.4249         -3.0291
            -2.4126          0.2067         13.5000

     Atom 75  H   pos: (  0.531252  0.192998  1.210985)  bare sigma:          13.91
            13.4249          1.1593          3.0291
            -0.5799         14.7985         -5.1559
            -0.2067         -2.4126         13.5000

     Atom 76  H   pos: (  0.307002  0.031252  1.910098)  bare sigma:          13.91
            14.7985          0.5799          5.1559
            -1.1593         13.4249          3.0291
             2.4126         -0.2067         13.5000

     Atom 77  H   pos: (  0.807002  0.468748  0.187240)  bare sigma:          13.91
            14.7985         -0.5799         -5.1559
             1.1593         13.4249          3.0291
            -2.4126         -0.2067         13.5000

     Atom 78  H   pos: (  0.968748  0.692998  2.284577)  bare sigma:          13.91
            13.4249         -1.1593          3.0291
             0.5799         14.7985          5.1559
            -0.2067          2.4126         13.5000

     Atom 79  H   pos: (  0.192998  0.531252  1.585464)  bare sigma:          13.91
            14.7985         -0.5799          5.1559
             1.1593         13.4249         -3.0291
             2.4126          0.2067         13.5000

     Atom 80  H   pos: (  0.031252  0.307002  0.886352)  bare sigma:          13.91
            13.4249         -1.1593         -3.0291
             0.5799         14.7985         -5.1559
             0.2067         -2.4126         13.5000

     Diamagnetic contribution in ppm:
 
     Atom  1  N   pos: (  0.463890  0.023814  0.038800)  dia sigma:           9.59
             9.5320         -0.0767         -0.1850
            -0.0767          9.4953          0.1913
            -0.1850          0.1913          9.7356

     Atom  2  N   pos: (  0.476186  0.963890  0.737913)  dia sigma:           9.59
             9.4953          0.0767         -0.1913
             0.0767          9.5320         -0.1850
            -0.1913         -0.1850          9.7356

     Atom  3  N   pos: (  0.536110  0.976186  1.437025)  dia sigma:           9.59
             9.5320         -0.0767          0.1850
            -0.0767          9.4953         -0.1913
             0.1850         -0.1913          9.7356

     Atom  4  N   pos: (  0.523814  0.036110  2.136138)  dia sigma:           9.59
             9.4953          0.0767          0.1913
             0.0767          9.5320          0.1850
             0.1913          0.1850          9.7356

     Atom  5  N   pos: (  0.023814  0.463890  2.757650)  dia sigma:           9.59
             9.4953         -0.0767         -0.1913
            -0.0767          9.5320          0.1850
            -0.1913          0.1850          9.7356

     Atom  6  N   pos: (  0.963890  0.476186  2.058537)  dia sigma:           9.59
             9.5320          0.0767          0.1850
             0.0767          9.4953          0.1913
             0.1850          0.1913          9.7356

     Atom  7  N   pos: (  0.976186  0.536110  1.359425)  dia sigma:           9.59
             9.4953         -0.0767          0.1913
            -0.0767          9.5320         -0.1850
             0.1913         -0.1850          9.7356

     Atom  8  N   pos: (  0.036110  0.523814  0.660312)  dia sigma:           9.59
             9.5320          0.0767         -0.1850
             0.0767          9.4953         -0.1913
            -0.1850         -0.1913          9.7356

     Atom  9  N   pos: (  0.341927  0.070259  0.184406)  dia sigma:           8.46
             8.7374         -0.1706         -0.2681
            -0.1706          8.1678         -0.3498
            -0.2681         -0.3498          8.4753

     Atom 10  N   pos: (  0.429741  0.841927  0.883519)  dia sigma:           8.46
             8.1678          0.1706          0.3498
             0.1706          8.7374         -0.2681
             0.3498         -0.2681          8.4753

     Atom 11  N   pos: (  0.658073  0.929741  1.582631)  dia sigma:           8.46
             8.7374         -0.1706          0.2681
            -0.1706          8.1678          0.3498
             0.2681          0.3498          8.4753

     Atom 12  N   pos: (  0.570259  0.158073  2.281744)  dia sigma:           8.46
             8.1678          0.1706         -0.3498
             0.1706          8.7374          0.2681
            -0.3498          0.2681          8.4753

     Atom 13  N   pos: (  0.070259  0.341927  2.612044)  dia sigma:           8.46
             8.1678         -0.1706          0.3498
            -0.1706          8.7374          0.2681
             0.3498          0.2681          8.4753

     Atom 14  N   pos: (  0.841927  0.429741  1.912931)  dia sigma:           8.46
             8.7374          0.1706          0.2681
             0.1706          8.1678         -0.3498
             0.2681         -0.3498          8.4753

     Atom 15  N   pos: (  0.929741  0.658073  1.213819)  dia sigma:           8.46
             8.1678         -0.1706         -0.3498
            -0.1706          8.7374         -0.2681
            -0.3498         -0.2681          8.4753

     Atom 16  N   pos: (  0.158073  0.570259  0.514706)  dia sigma:           8.46
             8.7374          0.1706         -0.2681
             0.1706          8.1678          0.3498
            -0.2681          0.3498          8.4753

     Atom 17  C   pos: (  0.200494  0.941072  0.158481)  dia sigma:           4.27
             4.2905         -0.0096         -0.0505
            -0.0096          4.2298         -0.0020
            -0.0505         -0.0020          4.2800

     Atom 18  C   pos: (  0.558928  0.700494  0.857593)  dia sigma:           4.27
             4.2298          0.0096          0.0020
             0.0096          4.2905         -0.0505
             0.0020         -0.0505          4.2800

     Atom 19  C   pos: (  0.799506  0.058928  1.556706)  dia sigma:           4.27
             4.2905         -0.0096          0.0505
            -0.0096          4.2298          0.0020
             0.0505          0.0020          4.2800

     Atom 20  C   pos: (  0.441072  0.299506  2.255818)  dia sigma:           4.27
             4.2298          0.0096         -0.0020
             0.0096          4.2905          0.0505
            -0.0020          0.0505          4.2800

     Atom 21  C   pos: (  0.941072  0.200494  2.637969)  dia sigma:           4.27
             4.2298         -0.0096          0.0020
            -0.0096          4.2905          0.0505
             0.0020          0.0505          4.2800

     Atom 22  C   pos: (  0.700494  0.558928  1.938856)  dia sigma:           4.27
             4.2905          0.0096          0.0505
             0.0096          4.2298         -0.0020
             0.0505         -0.0020          4.2800

     Atom 23  C   pos: (  0.058928  0.799506  1.239744)  dia sigma:           4.27
             4.2298         -0.0096         -0.0020
            -0.0096          4.2905         -0.0505
            -0.0020         -0.0505          4.2800

     Atom 24  C   pos: (  0.299506  0.441072  0.540631)  dia sigma:           4.27
             4.2905          0.0096         -0.0505
             0.0096          4.2298          0.0020
            -0.0505          0.0020          4.2800

     Atom 25  N   pos: (  0.222959  0.817584  0.007311)  dia sigma:           9.06
