
     Program QE v.6.1 (svn rev. 13369) starts on 13Dec2017 at 13:52:43 

     This program is part of the open-source Quantum ESPRESSO suite
     for quantum simulation of materials; please cite
         "P. Giannozzi et al., J. Phys.:Condens. Matter 21 395502 (2009);
          URL http://www.quantum-espresso.org", 
     in publications or presentations arising from this work. More details at
     http://www.quantum-espresso.org/quote

     Parallel version (MPI), running on     8 processors
     R & G space division:  proc/nbgrp/npool/nimage =       8
 
     ***** This is GIPAW svn revision unknown      *****
 
     Parallelizing q-star over 1 images
     Message from routine gipaw_readin:
     *** iverbosity is obsolete, use verbosity instead ***

     Reading data from directory:
     /scratch/ahofstet/ML/CCDC2/KIFJAK/wfc/scf.save

   Info: using nr1, nr2, nr3 values from input

   Info: using nr1, nr2, nr3 values from input

     IMPORTANT: XC functional enforced from input :
     Exchange-correlation      =  SLA  PW   PBX  PBC ( 1  4  3  4 0 0)
     Any further DFT definition will be discarded
     Please, verify this is what you really want

               file C.pbe-n-kjpaw_psl.0.1.UPF: wavefunction(s)  2P renormalized
               file N.pbe-n-kjpaw_psl.0.1.UPF: wavefunction(s)  2P renormalized
               file H.pbe-kjpaw_psl.0.1.UPF: wavefunction(s)  1S renormalized
               file O.pbe-n-kjpaw_psl.0.1.UPF: wavefunction(s)  2P renormalized
 
     Parallelization info
     --------------------
     sticks:   dense  smooth     PW     G-vecs:    dense   smooth      PW
     Min         671     671    175               192157   192157   25681
     Max         672     672    177               192176   192176   25687
     Sum        5369    5369   1405              1537295  1537295  205465
 

     Check: negative/imaginary core charge=   -0.000002    0.000000

     Subspace diagonalization in iterative solution of the eigenvalue problem:
     a serial algorithm will be used

     GIPAW projectors -----------------------------------------------
     atom=  C    l=0  rc=    1.3000  rs=    0.8667
     atom=  C    l=0  rc=    1.3000  rs=    0.8667
     atom=  C    l=1  rc=    1.4500  rs=    0.9667
     atom=  C    l=1  rc=    1.4500  rs=    0.9667
     projs nearly linearly dependent: l=0  n1,n2= 1, 2  s=  0.99877758
     projs nearly linearly dependent: l=1  n1,n2= 1, 2  s=  0.99940894
 
     atom=  N    l=0  rc=    1.3000  rs=    0.8667
     atom=  N    l=0  rc=    1.3000  rs=    0.8667
     atom=  N    l=1  rc=    1.4500  rs=    0.9667
     atom=  N    l=1  rc=    1.4500  rs=    0.9667
     projs nearly linearly dependent: l=0  n1,n2= 1, 2  s=  0.99709514
     projs nearly linearly dependent: l=1  n1,n2= 1, 2  s=  0.99857174
 
     atom=  H    l=0  rc=    1.0000  rs=    0.6667
     atom=  H    l=0  rc=    1.0000  rs=    0.6667
     projs nearly linearly dependent: l=0  n1,n2= 1, 2  s=  0.99968852
 
     atom=  O    l=0  rc=    1.3500  rs=    0.9000
     atom=  O    l=0  rc=    1.3500  rs=    0.9000
     atom=  O    l=1  rc=    1.3500  rs=    0.9000
     atom=  O    l=1  rc=    1.3500  rs=    0.9000
     projs nearly linearly dependent: l=0  n1,n2= 1, 2  s=  0.99100135
     projs nearly linearly dependent: l=1  n1,n2= 1, 2  s=  0.99790100
     -----------------------------------------------------------------
 
     alpha_pv=     40.9030 eV
 
     q-space interpolation up to   110.00 Rydberg
 
     GIPAW job: nmr                                                                             
     NMR macroscopic correction: yes
             0.6667          0.0000          0.0000
             0.0000          0.6667          0.0000
             0.0000          0.0000          0.6667

 
     Largest allocated arrays     est. size (Mb)     dimensions
        KS wavefunctions at k         105.75 Mb     (   24064,  288)
        KS wavefunctions at k+q       105.75 Mb     (   24064,  288)
        First-order wavefunctions    1057.50 Mb     (   24064,  288, 10)
        First-order wavefunct (US)    634.50 Mb     (   24064,  288,  6)
        Charge/spin density             3.34 Mb     (  437400,    1)
        Induced current                30.03 Mb     (  437400,    3,3,1)
        Induced magnetic field         30.03 Mb     (  437400,    3,3,1)
        NL pseudopotentials           334.88 Mb     (   24064,  912)
        GIPAW NL terms                334.88 Mb     (   24064,  912)
 
     Computing the magnetic susceptibility     isolve=0    ethr=  0.1000E-13
     k-point #    1 of     3      pool #  1    cpu time:     261.2
     Rotating WFCS
     c_bands:  5 eigenvalues not converged
     Rotating WFCS
     c_bands:  6 eigenvalues not converged
     Rotating WFCS
     c_bands:  6 eigenvalues not converged
     Rotating WFCS
     c_bands:  6 eigenvalues not converged
     Rotating WFCS
     c_bands:  6 eigenvalues not converged
     Rotating WFCS
     c_bands:  3 eigenvalues not converged
     Rotating WFCS
     c_bands:  3 eigenvalues not converged
     k-point #    2 of     3      pool #  1    cpu time:   19619.5
     Rotating WFCS
     c_bands:  4 eigenvalues not converged
     Rotating WFCS
     c_bands:  6 eigenvalues not converged
     Rotating WFCS
     c_bands:  6 eigenvalues not converged
     Rotating WFCS
     c_bands:  3 eigenvalues not converged
     Rotating WFCS
     c_bands:  4 eigenvalues not converged
     Rotating WFCS
     c_bands:  4 eigenvalues not converged
     Rotating WFCS
     c_bands:  4 eigenvalues not converged
     k-point #    3 of     3      pool #  1    cpu time:   38837.7
     Rotating WFCS
     c_bands:  5 eigenvalues not converged
     Rotating WFCS
     c_bands:  5 eigenvalues not converged
     Rotating WFCS
     c_bands:  5 eigenvalues not converged
     Rotating WFCS
     c_bands:  5 eigenvalues not converged
     Rotating WFCS
     c_bands:  5 eigenvalues not converged
     Rotating WFCS
     c_bands:  4 eigenvalues not converged
     Rotating WFCS
     c_bands:  4 eigenvalues not converged
     End of magnetic susceptibility calculation
 
     f-sum rule (1st term):
          -469.8064          0.0000          0.0000
             0.0000       -469.8064          0.0000
             0.0000          0.0000       -469.7601

     f-sum rule (2nd term):
            -3.9497          0.0000          0.0000
             0.0000         -3.9497          0.0000
             0.0000          0.0000         -3.9929

     f-sum rule (should be  -473.7522):
          -473.7561          0.0000          0.0000
             0.0000       -473.7561          0.0000
             0.0000          0.0000       -473.7529

     chi_bare pGv (HH) in paratec units:
      -166.754671     -0.455474     -0.001187
        -0.455543   -165.138845     -0.002541
        -0.001110     -0.002225   -195.304815

      -165.946758      0.000000      0.000000
         0.000000   -165.946758      0.000000
         0.000000      0.000000   -195.304815

     chi_bare vGv (VV) in paratec units:
      -159.492701     -0.444868     -0.000846
        -0.444842   -157.221483     -0.001588
        -0.000826     -0.001483   -191.394097

      -158.357092      0.000000      0.000000
         0.000000   -158.357092      0.000000
         0.000000      0.000000   -191.394097

     chi_bare pGv (HH) in 10^{-6} cm^3/mol:
          -788.5946          0.0000          0.0000
             0.0000       -788.5946          0.0000
             0.0000          0.0000       -928.1069

     chi_bare vGv (VV) in 10^{-6} cm^3/mol:
          -752.5278          0.0000          0.0000
             0.0000       -752.5278          0.0000
             0.0000          0.0000       -909.5228

     Contributions to the NMR chemical shifts: -------------------------------
 
     Macroscopic shape contribution in ppm:                    6.89
             6.5074          0.0000          0.0000
             0.0000          6.5074          0.0000
             0.0000          0.0000          7.6586

 
     Core contribution in ppm:
 
     Atom  1  N   pos: (  0.559788  0.085766  5.162182)  core sigma:         235.78
     Atom  2  N   pos: (  0.414234  0.059788  3.857234)  core sigma:         235.78
     Atom  3  N   pos: (  0.440212  0.914234  2.552286)  core sigma:         235.78
     Atom  4  N   pos: (  0.585766  0.940212  1.247337)  core sigma:         235.78
     Atom  5  N   pos: (  0.085766  0.559788  0.057611)  core sigma:         235.78
     Atom  6  N   pos: (  0.059788  0.414234  1.362559)  core sigma:         235.78
     Atom  7  N   pos: (  0.914234  0.440212  2.667507)  core sigma:         235.78
     Atom  8  N   pos: (  0.940212  0.585766  3.972456)  core sigma:         235.78
     Atom  9  C   pos: (  0.420664 -0.020049  0.026577)  core sigma:         200.51
     Atom 10  C   pos: (  0.520049  0.920664  3.941422)  core sigma:         200.51
     Atom 11  C   pos: (  0.579336  1.020049  2.636473)  core sigma:         200.51
     Atom 12  C   pos: (  0.479951  0.079336  1.331525)  core sigma:         200.51
     Atom 13  C   pos: ( -0.020049  0.420664  5.193216)  core sigma:         200.51
     Atom 14  C   pos: (  0.920664  0.520049  1.278371)  core sigma:         200.51
     Atom 15  C   pos: (  1.020049  0.579336  2.583320)  core sigma:         200.51
     Atom 16  C   pos: (  0.079336  0.479951  3.888268)  core sigma:         200.51
     Atom 17  N   pos: (  0.401841  0.803204  5.160261)  core sigma:         235.78
     Atom 18  N   pos: (  0.696796  0.901841  3.855312)  core sigma:         235.78
     Atom 19  N   pos: (  0.598159  0.196796  2.550364)  core sigma:         235.78
     Atom 20  N   pos: (  0.303204  0.098159  1.245416)  core sigma:         235.78
     Atom 21  N   pos: (  0.803204  0.401841  0.059532)  core sigma:         235.78
     Atom 22  N   pos: (  0.901841  0.696796  1.364481)  core sigma:         235.78
     Atom 23  N   pos: (  0.196796  0.598159  2.669429)  core sigma:         235.78
     Atom 24  N   pos: (  0.098159  0.303204  3.974377)  core sigma:         235.78
     Atom 25  C   pos: (  0.535535  0.794690  5.011014)  core sigma:         200.51
     Atom 26  C   pos: (  0.705310  0.035535  3.706066)  core sigma:         200.51
     Atom 27  C   pos: (  0.464465  0.205310  2.401118)  core sigma:         200.51
     Atom 28  C   pos: (  0.294690  0.964465  1.096169)  core sigma:         200.51
     Atom 29  C   pos: (  0.794690  0.535535  0.208779)  core sigma:         200.51
     Atom 30  C   pos: (  0.035535  0.705310  1.513727)  core sigma:         200.51
     Atom 31  C   pos: (  0.205310  0.464465  2.818675)  core sigma:         200.51
     Atom 32  C   pos: (  0.964465  0.294690  4.123624)  core sigma:         200.51
     Atom 33  C   pos: (  0.634269  0.970377  5.013251)  core sigma:         200.51
     Atom 34  C   pos: (  0.529623  0.134269  3.708303)  core sigma:         200.51
     Atom 35  C   pos: (  0.365731  0.029623  2.403355)  core sigma:         200.51
     Atom 36  C   pos: (  0.470377  0.865731  1.098407)  core sigma:         200.51
     Atom 37  C   pos: (  0.970377  0.634269  0.206542)  core sigma:         200.51
     Atom 38  C   pos: (  0.134269  0.529623  1.511490)  core sigma:         200.51
     Atom 39  C   pos: (  0.029623  0.365731  2.816438)  core sigma:         200.51
     Atom 40  C   pos: (  0.865731  0.470377  4.121386)  core sigma:         200.51
     Atom 41  C   pos: (  0.797272  0.041051  4.892602)  core sigma:         200.51
     Atom 42  C   pos: (  0.458949  0.297272  3.587654)  core sigma:         200.51
     Atom 43  C   pos: (  0.202728  0.958949  2.282705)  core sigma:         200.51
     Atom 44  C   pos: (  0.541051  0.702728  0.977757)  core sigma:         200.51
     Atom 45  C   pos: (  0.041051  0.797272  0.327191)  core sigma:         200.51
     Atom 46  C   pos: (  0.297272  0.458949  1.632139)  core sigma:         200.51
     Atom 47  C   pos: (  0.958949  0.202728  2.937088)  core sigma:         200.51
     Atom 48  C   pos: (  0.702728  0.541051  4.242036)  core sigma:         200.51
     Atom 49  C   pos: (  0.768662  0.194984  4.756832)  core sigma:         200.51
     Atom 50  C   pos: (  0.305016  0.268662  3.451884)  core sigma:         200.51
     Atom 51  C   pos: (  0.231338  0.805016  2.146936)  core sigma:         200.51
     Atom 52  C   pos: (  0.694984  0.731338  0.841988)  core sigma:         200.51
     Atom 53  C   pos: (  0.194984  0.768662  0.462961)  core sigma:         200.51
     Atom 54  C   pos: (  0.268662  0.305016  1.767909)  core sigma:         200.51
     Atom 55  C   pos: (  0.805016  0.231338  3.072857)  core sigma:         200.51
     Atom 56  C   pos: (  0.731338  0.694984  4.377805)  core sigma:         200.51
     Atom 57  C   pos: (  0.931632  0.277161  4.662220)  core sigma:         200.51
     Atom 58  C   pos: (  0.222839  0.431632  3.357271)  core sigma:         200.51
     Atom 59  C   pos: (  0.068368  0.722839  2.052323)  core sigma:         200.51
     Atom 60  C   pos: (  0.777161  0.568368  0.747375)  core sigma:         200.51
     Atom 61  C   pos: (  0.277161  0.931632  0.557574)  core sigma:         200.51
     Atom 62  C   pos: (  0.431632  0.222839  1.862522)  core sigma:         200.51
     Atom 63  C   pos: (  0.722839  0.068368  3.167470)  core sigma:         200.51
     Atom 64  C   pos: (  0.568368  0.777161  4.472418)  core sigma:         200.51
     Atom 65  C   pos: (  0.117106  0.201241  4.693244)  core sigma:         200.51
     Atom 66  C   pos: (  0.298759  0.617106  3.388296)  core sigma:         200.51
     Atom 67  C   pos: (  0.882894  0.798759  2.083348)  core sigma:         200.51
     Atom 68  C   pos: (  0.701241  0.382894  0.778399)  core sigma:         200.51
     Atom 69  C   pos: (  0.201241  0.117106  0.526549)  core sigma:         200.51
     Atom 70  C   pos: (  0.617106  0.298759  1.831497)  core sigma:         200.51
     Atom 71  C   pos: (  0.798759  0.882894  3.136446)  core sigma:         200.51
     Atom 72  C   pos: (  0.382894  0.701241  4.441394)  core sigma:         200.51
     Atom 73  C   pos: (  0.146194  1.045849  4.822090)  core sigma:         200.51
     Atom 74  C   pos: (  0.454151  0.646194  3.517142)  core sigma:         200.51
     Atom 75  C   pos: (  0.853806 -0.045849  2.212193)  core sigma:         200.51
     Atom 76  C   pos: (  0.545849  0.353806  0.907245)  core sigma:         200.51
     Atom 77  C   pos: (  1.045849  0.146194  0.397703)  core sigma:         200.51
     Atom 78  C   pos: (  0.646194  0.454151  1.702651)  core sigma:         200.51
     Atom 79  C   pos: ( -0.045849  0.853806  3.007600)  core sigma:         200.51
     Atom 80  C   pos: (  0.353806  0.545849  4.312548)  core sigma:         200.51
     Atom 81  C   pos: (  0.986273  0.968511  4.921904)  core sigma:         200.51
     Atom 82  C   pos: (  0.531489  0.486273  3.616956)  core sigma:         200.51
     Atom 83  C   pos: (  0.013727  0.031489  2.312008)  core sigma:         200.51
     Atom 84  C   pos: (  0.468511  0.513727  1.007060)  core sigma:         200.51
     Atom 85  C   pos: (  0.968511  0.986273  0.297889)  core sigma:         200.51
     Atom 86  C   pos: (  0.486273  0.531489  1.602837)  core sigma:         200.51
     Atom 87  C   pos: (  0.031489  0.013727  2.907785)  core sigma:         200.51
     Atom 88  C   pos: (  0.513727  0.468511  4.212733)  core sigma:         200.51
     Atom 89  N   pos: (  0.583043  0.259401  4.711498)  core sigma:         235.78
     Atom 90  N   pos: (  0.240599  0.083043  3.406550)  core sigma:         235.78
     Atom 91  N   pos: (  0.416957  0.740599  2.101602)  core sigma:         235.78
     Atom 92  N   pos: (  0.759401  0.916957  0.796653)  core sigma:         235.78
     Atom 93  N   pos: (  0.259401  0.583043  0.508295)  core sigma:         235.78
     Atom 94  N   pos: (  0.083043  0.240599  1.813243)  core sigma:         235.78
     Atom 95  N   pos: (  0.740599  0.416957  3.118191)  core sigma:         235.78
     Atom 96  N   pos: (  0.916957  0.759401  4.423140)  core sigma:         235.78
     Atom 97  H   pos: (  0.331196  0.025034  0.149349)  core sigma:           0.00
     Atom 98  H   pos: (  0.474966  0.831196  4.064193)  core sigma:           0.00
     Atom 99  H   pos: (  0.668804  0.974966  2.759245)  core sigma:           0.00
     Atom100  H   pos: (  0.525034  0.168804  1.454297)  core sigma:           0.00
     Atom101  H   pos: (  0.025034  0.331196  5.070444)  core sigma:           0.00
     Atom102  H   pos: (  0.831196  0.474966  1.155600)  core sigma:           0.00
     Atom103  H   pos: (  0.974966  0.668804  2.460548)  core sigma:           0.00
     Atom104  H   pos: (  0.168804  0.525034  3.765496)  core sigma:           0.00
     Atom105  H   pos: (  0.295514  0.698859 -0.021725)  core sigma:           0.00
     Atom106  H   pos: (  0.801141  0.795514  3.893120)  core sigma:           0.00
     Atom107  H   pos: (  0.704486  0.301141  2.588172)  core sigma:           0.00
     Atom108  H   pos: (  0.198859  0.204486  1.283224)  core sigma:           0.00
     Atom109  H   pos: (  0.698859  0.295514  5.241518)  core sigma:           0.00
     Atom110  H   pos: (  0.795514  0.801141  1.326673)  core sigma:           0.00
     Atom111  H   pos: (  0.301141  0.704486  2.631621)  core sigma:           0.00
     Atom112  H   pos: (  0.204486  0.198859  3.936569)  core sigma:           0.00
     Atom113  H   pos: (  0.549727  0.668621  4.916991)  core sigma:           0.00
     Atom114  H   pos: (  0.831379  0.049727  3.612043)  core sigma:           0.00
     Atom115  H   pos: (  0.450273  0.331379  2.307095)  core sigma:           0.00
     Atom116  H   pos: (  0.168621  0.950273  1.002147)  core sigma:           0.00
     Atom117  H   pos: (  0.668621  0.549727  0.302802)  core sigma:           0.00
     Atom118  H   pos: (  0.049727  0.831379  1.607750)  core sigma:           0.00
     Atom119  H   pos: (  0.331379  0.450273  2.912698)  core sigma:           0.00
     Atom120  H   pos: (  0.950273  0.168621  4.217646)  core sigma:           0.00
     Atom121  H   pos: (  0.911562  0.400594  4.564001)  core sigma:           0.00
     Atom122  H   pos: (  0.099406  0.411562  3.259053)  core sigma:           0.00
     Atom123  H   pos: (  0.088438  0.599406  1.954104)  core sigma:           0.00
     Atom124  H   pos: (  0.900594  0.588438  0.649156)  core sigma:           0.00
     Atom125  H   pos: (  0.400594  0.911562  0.655792)  core sigma:           0.00
     Atom126  H   pos: (  0.411562  0.099406  1.960740)  core sigma:           0.00
     Atom127  H   pos: (  0.599406  0.088438  3.265689)  core sigma:           0.00
     Atom128  H   pos: (  0.588438  0.900594  4.570637)  core sigma:           0.00
     Atom129  H   pos: (  0.240029  0.262913  4.612798)  core sigma:           0.00
     Atom130  H   pos: (  0.237087  0.740029  3.307850)  core sigma:           0.00
     Atom131  H   pos: (  0.759971  0.737087  2.002902)  core sigma:           0.00
     Atom132  H   pos: (  0.762913  0.259971  0.697954)  core sigma:           0.00
     Atom133  H   pos: (  0.262913  0.240029  0.606995)  core sigma:           0.00
     Atom134  H   pos: (  0.740029  0.237087  1.911943)  core sigma:           0.00
     Atom135  H   pos: (  0.737087  0.759971  3.216891)  core sigma:           0.00
     Atom136  H   pos: (  0.259971  0.762913  4.521839)  core sigma:           0.00
     Atom137  H   pos: (  0.290876  0.983870  4.844224)  core sigma:           0.00
     Atom138  H   pos: (  0.516130  0.790876  3.539275)  core sigma:           0.00
     Atom139  H   pos: (  0.709124  0.016130  2.234327)  core sigma:           0.00
     Atom140  H   pos: (  0.483870  0.209124  0.929379)  core sigma:           0.00
     Atom141  H   pos: (  0.983870  0.290876  0.375569)  core sigma:           0.00
     Atom142  H   pos: (  0.790876  0.516130  1.680518)  core sigma:           0.00
     Atom143  H   pos: (  0.016130  0.709124  2.985466)  core sigma:           0.00
     Atom144  H   pos: (  0.209124  0.483870  4.290414)  core sigma:           0.00
     Atom145  H   pos: (  1.006986  0.851793  5.027606)  core sigma:           0.00
     Atom146  H   pos: (  0.648207  0.506986  3.722658)  core sigma:           0.00
     Atom147  H   pos: ( -0.006986  0.148207  2.417710)  core sigma:           0.00
     Atom148  H   pos: (  0.351793  0.493014  1.112762)  core sigma:           0.00
     Atom149  H   pos: (  0.851793  1.006986  0.192187)  core sigma:           0.00
     Atom150  H   pos: (  0.506986  0.648207  1.497135)  core sigma:           0.00
     Atom151  H   pos: (  0.148207 -0.006986  2.802083)  core sigma:           0.00
     Atom152  H   pos: (  0.493014  0.351793  4.107031)  core sigma:           0.00
     Atom153  H   pos: (  0.476745  0.239583  4.813531)  core sigma:           0.00
     Atom154  H   pos: (  0.260417 -0.023255  3.508583)  core sigma:           0.00
     Atom155  H   pos: (  0.523255  0.760417  2.203634)  core sigma:           0.00
     Atom156  H   pos: (  0.739583  1.023255  0.898686)  core sigma:           0.00
     Atom157  H   pos: (  0.239583  0.476745  0.406262)  core sigma:           0.00
     Atom158  H   pos: ( -0.023255  0.260417  1.711210)  core sigma:           0.00
     Atom159  H   pos: (  0.760417  0.523255  3.016159)  core sigma:           0.00
     Atom160  H   pos: (  1.023255  0.739583  4.321107)  core sigma:           0.00
     Atom161  H   pos: (  0.572847  0.385362  4.633981)  core sigma:           0.00
     Atom162  H   pos: (  0.114638  0.072847  3.329033)  core sigma:           0.00
     Atom163  H   pos: (  0.427153  0.614638  2.024084)  core sigma:           0.00
     Atom164  H   pos: (  0.885362  0.927153  0.719136)  core sigma:           0.00
     Atom165  H   pos: (  0.385362  0.572847  0.585812)  core sigma:           0.00
     Atom166  H   pos: (  0.072847  0.114638  1.890760)  core sigma:           0.00
     Atom167  H   pos: (  0.614638  0.427153  3.195709)  core sigma:           0.00
     Atom168  H   pos: (  0.927153  0.885362  4.500657)  core sigma:           0.00
 
     Bare contribution in ppm:
 
     Atom  1  N   pos: (  0.559788  0.085766  5.162182)  bare sigma:         -37.09
           -23.6719        -24.1202         62.1240
           -25.4901        -48.2366        -25.5815
            61.9184        -34.5622        -39.3754

     Atom  2  N   pos: (  0.414234  0.059788  3.857234)  bare sigma:         -37.09
           -48.2366         25.4901         25.5815
            24.1202        -23.6719         62.1240
            34.5622         61.9184        -39.3754

     Atom  3  N   pos: (  0.440212  0.914234  2.552286)  bare sigma:         -37.09
           -23.6719        -24.1202        -62.1240
           -25.4901        -48.2366         25.5815
           -61.9184         34.5622        -39.3754

     Atom  4  N   pos: (  0.585766  0.940212  1.247337)  bare sigma:         -37.09
           -48.2366         25.4901        -25.5815
            24.1202        -23.6719        -62.1240
           -34.5622        -61.9184        -39.3754

     Atom  5  N   pos: (  0.085766  0.559788  0.057611)  bare sigma:         -37.09
           -48.2366        -25.4901         25.5815
           -24.1202        -23.6719        -62.1240
            34.5622        -61.9184        -39.3754

     Atom  6  N   pos: (  0.059788  0.414234  1.362559)  bare sigma:         -37.09
           -23.6719         24.1202        -62.1240
            25.4901        -48.2366        -25.5815
           -61.9184        -34.5622        -39.3754

     Atom  7  N   pos: (  0.914234  0.440212  2.667507)  bare sigma:         -37.09
           -48.2366        -25.4901        -25.5815
           -24.1202        -23.6719         62.1240
           -34.5622         61.9184        -39.3754

     Atom  8  N   pos: (  0.940212  0.585766  3.972456)  bare sigma:         -37.09
           -23.6719         24.1202         62.1240
            25.4901        -48.2366         25.5815
            61.9184         34.5622        -39.3754

     Atom  9  C   pos: (  0.420664 -0.020049  0.026577)  bare sigma:         -55.17
           -43.4726         -4.1242         27.0577
            -7.9476        -62.0838        -18.0623
            26.9797        -27.0691        -59.9438

     Atom 10  C   pos: (  0.520049  0.920664  3.941422)  bare sigma:         -55.17
           -62.0838          7.9476         18.0623
             4.1242        -43.4726         27.0577
            27.0691         26.9797        -59.9438

     Atom 11  C   pos: (  0.579336  1.020049  2.636473)  bare sigma:         -55.17
           -43.4726         -4.1242        -27.0577
            -7.9476        -62.0838         18.0623
           -26.9797         27.0691        -59.9438

     Atom 12  C   pos: (  0.479951  0.079336  1.331525)  bare sigma:         -55.17
           -62.0838          7.9476        -18.0623
             4.1242        -43.4726        -27.0577
           -27.0691        -26.9797        -59.9438

     Atom 13  C   pos: ( -0.020049  0.420664  5.193216)  bare sigma:         -55.17
           -62.0838         -7.9476         18.0623
            -4.1242        -43.4726        -27.0577
            27.0691        -26.9797        -59.9438

     Atom 14  C   pos: (  0.920664  0.520049  1.278371)  bare sigma:         -55.17
           -43.4726          4.1242        -27.0577
             7.9476        -62.0838        -18.0623
           -26.9797        -27.0691        -59.9438

     Atom 15  C   pos: (  1.020049  0.579336  2.583320)  bare sigma:         -55.17
           -62.0838         -7.9476        -18.0623
            -4.1242        -43.4726         27.0577
           -27.0691         26.9797        -59.9438

     Atom 16  C   pos: (  0.079336  0.479951  3.888268)  bare sigma:         -55.17
           -43.4726          4.1242         27.0577
             7.9476        -62.0838         18.0623
            26.9797         27.0691        -59.9438

     Atom 17  N   pos: (  0.401841  0.803204  5.160261)  bare sigma:         -12.34
            -8.7640        -23.9884         30.1867
           -26.8873        -22.4701         -6.6545
            30.8416        -13.4497         -5.7883

     Atom 18  N   pos: (  0.696796  0.901841  3.855312)  bare sigma:         -12.34
           -22.4701         26.8873          6.6545
            23.9884         -8.7640         30.1867
            13.4497         30.8416         -5.7883

     Atom 19  N   pos: (  0.598159  0.196796  2.550364)  bare sigma:         -12.34
            -8.7640        -23.9884        -30.1867
           -26.8873        -22.4701          6.6545
           -30.8416         13.4497         -5.7883

     Atom 20  N   pos: (  0.303204  0.098159  1.245416)  bare sigma:         -12.34
           -22.4701         26.8873         -6.6545
            23.9884         -8.7640        -30.1867
           -13.4497        -30.8416         -5.7883

     Atom 21  N   pos: (  0.803204  0.401841  0.059532)  bare sigma:         -12.34
           -22.4701        -26.8873          6.6545
           -23.9884         -8.7640        -30.1867
            13.4497        -30.8416         -5.7883

     Atom 22  N   pos: (  0.901841  0.696796  1.364481)  bare sigma:         -12.34
            -8.7640         23.9884        -30.1867
            26.8873        -22.4701         -6.6545
           -30.8416        -13.4497         -5.7883

     Atom 23  N   pos: (  0.196796  0.598159  2.669429)  bare sigma:         -12.34
           -22.4701        -26.8873         -6.6545
           -23.9884         -8.7640         30.1867
           -13.4497         30.8416         -5.7883

     Atom 24  N   pos: (  0.098159  0.303204  3.974377)  bare sigma:         -12.34
            -8.7640         23.9884         30.1867
            26.8873        -22.4701          6.6545
            30.8416         13.4497         -5.7883

     Atom 25  C   pos: (  0.535535  0.794690  5.011014)  bare sigma:         -44.02
           -32.5792         -9.3401         25.2836
            -6.6798        -52.4844        -27.8510
            28.3055        -24.4891        -46.9991

     Atom 26  C   pos: (  0.705310  0.035535  3.706066)  bare sigma:         -44.02
           -52.4844          6.6798         27.8510
             9.3401        -32.5792         25.2836
            24.4891         28.3055        -46.9991

     Atom 27  C   pos: (  0.464465  0.205310  2.401118)  bare sigma:         -44.02
           -32.5792         -9.3401        -25.2836
            -6.6798        -52.4844         27.8510
           -28.3055         24.4891        -46.9991

     Atom 28  C   pos: (  0.294690  0.964465  1.096169)  bare sigma:         -44.02
           -52.4844          6.6798        -27.8510
             9.3401        -32.5792        -25.2836
           -24.4891        -28.3055        -46.9991

     Atom 29  C   pos: (  0.794690  0.535535  0.208779)  bare sigma:         -44.02
           -52.4844         -6.6798         27.8510
            -9.3401        -32.5792        -25.2836
            24.4891        -28.3055        -46.9991

     Atom 30  C   pos: (  0.035535  0.705310  1.513727)  bare sigma:         -44.02
           -32.5792          9.3401        -25.2836
             6.6798        -52.4844        -27.8510
           -28.3055        -24.4891        -46.9991

     Atom 31  C   pos: (  0.205310  0.464465  2.818675)  bare sigma:         -44.02
           -52.4844         -6.6798        -27.8510
            -9.3401        -32.5792         25.2836
           -24.4891         28.3055        -46.9991

     Atom 32  C   pos: (  0.964465  0.294690  4.123624)  bare sigma:         -44.02
           -32.5792          9.3401         25.2836
             6.6798        -52.4844         27.8510
            28.3055         24.4891        -46.9991

     Atom 33  C   pos: (  0.634269  0.970377  5.013251)  bare sigma:         -57.49
           -54.1548        -15.5435         30.0676
           -10.9956        -58.2399        -16.1212
            33.8366        -12.1692        -60.0836

     Atom 34  C   pos: (  0.529623  0.134269  3.708303)  bare sigma:         -57.49
           -58.2399         10.9956         16.1212
            15.5435        -54.1548         30.0676
            12.1692         33.8366        -60.0836

     Atom 35  C   pos: (  0.365731  0.029623  2.403355)  bare sigma:         -57.49
           -54.1548        -15.5435        -30.0676
           -10.9956        -58.2399         16.1212
           -33.8366         12.1692        -60.0836

     Atom 36  C   pos: (  0.470377  0.865731  1.098407)  bare sigma:         -57.49
           -58.2399         10.9956        -16.1212
            15.5435        -54.1548        -30.0676
           -12.1692        -33.8366        -60.0836

     Atom 37  C   pos: (  0.970377  0.634269  0.206542)  bare sigma:         -57.49
           -58.2399        -10.9956         16.1212
           -15.5435        -54.1548        -30.0676
            12.1692        -33.8366        -60.0836

     Atom 38  C   pos: (  0.134269  0.529623  1.511490)  bare sigma:         -57.49
           -54.1548         15.5435        -30.0676
            10.9956        -58.2399        -16.1212
           -33.8366        -12.1692        -60.0836

     Atom 39  C   pos: (  0.029623  0.365731  2.816438)  bare sigma:         -57.49
           -58.2399        -10.9956        -16.1212
           -15.5435        -54.1548         30.0676
           -12.1692         33.8366        -60.0836

     Atom 40  C   pos: (  0.865731  0.470377  4.121386)  bare sigma:         -57.49
           -54.1548         15.5435         30.0676
            10.9956        -58.2399         16.1212
            33.8366         12.1692        -60.0836

     Atom 41  C   pos: (  0.797272  0.041051  4.892602)  bare sigma:         -49.78
           -72.4116         -2.0256         16.6555
            -1.8640        -40.1154         38.6601
            12.5823         34.5253        -36.8170

     Atom 42  C   pos: (  0.458949  0.297272  3.587654)  bare sigma:         -49.78
           -40.1154          1.8640        -38.6601
             2.0256        -72.4116         16.6555
           -34.5253         12.5823        -36.8170

     Atom 43  C   pos: (  0.202728  0.958949  2.282705)  bare sigma:         -49.78
           -72.4116         -2.0256        -16.6555
            -1.8640        -40.1154        -38.6601
           -12.5823        -34.5253        -36.8170

     Atom 44  C   pos: (  0.541051  0.702728  0.977757)  bare sigma:         -49.78
           -40.1154          1.8640         38.6601
             2.0256        -72.4116        -16.6555
            34.5253        -12.5823        -36.8170

     Atom 45  C   pos: (  0.041051  0.797272  0.327191)  bare sigma:         -49.78
           -40.1154         -1.8640        -38.6601
            -2.0256        -72.4116        -16.6555
           -34.5253        -12.5823        -36.8170

     Atom 46  C   pos: (  0.297272  0.458949  1.632139)  bare sigma:         -49.78
           -72.4116          2.0256        -16.6555
             1.8640        -40.1154         38.6601
           -12.5823         34.5253        -36.8170

     Atom 47  C   pos: (  0.958949  0.202728  2.937088)  bare sigma:         -49.78
           -40.1154         -1.8640         38.6601
            -2.0256        -72.4116         16.6555
            34.5253         12.5823        -36.8170

     Atom 48  C   pos: (  0.702728  0.541051  4.242036)  bare sigma:         -49.78
           -72.4116          2.0256         16.6555
             1.8640        -40.1154        -38.6601
            12.5823        -34.5253        -36.8170

     Atom 49  C   pos: (  0.768662  0.194984  4.756832)  bare sigma:         -63.28
           -93.1021         10.5333          0.9371
            13.8258        -52.7527         37.6612
             8.1825         35.9268        -43.9725

     Atom 50  C   pos: (  0.305016  0.268662  3.451884)  bare sigma:         -63.28
           -52.7527        -13.8258        -37.6612
           -10.5333        -93.1021          0.9371
           -35.9268          8.1825        -43.9725

     Atom 51  C   pos: (  0.231338  0.805016  2.146936)  bare sigma:         -63.28
           -93.1021         10.5333         -0.9371
            13.8258        -52.7527        -37.6612
            -8.1825        -35.9268        -43.9725

     Atom 52  C   pos: (  0.694984  0.731338  0.841988)  bare sigma:         -63.28
           -52.7527        -13.8258         37.6612
           -10.5333        -93.1021         -0.9371
            35.9268         -8.1825        -43.9725

     Atom 53  C   pos: (  0.194984  0.768662  0.462961)  bare sigma:         -63.28
           -52.7527         13.8258        -37.6612
            10.5333        -93.1021         -0.9371
           -35.9268         -8.1825        -43.9725

     Atom 54  C   pos: (  0.268662  0.305016  1.767909)  bare sigma:         -63.28
           -93.1021        -10.5333         -0.9371
           -13.8258        -52.7527         37.6612
            -8.1825         35.9268        -43.9725

     Atom 55  C   pos: (  0.805016  0.231338  3.072857)  bare sigma:         -63.28
           -52.7527         13.8258         37.6612
            10.5333        -93.1021          0.9371
            35.9268          8.1825        -43.9725

     Atom 56  C   pos: (  0.731338  0.694984  4.377805)  bare sigma:         -63.28
           -93.1021        -10.5333          0.9371
           -13.8258        -52.7527        -37.6612
             8.1825        -35.9268        -43.9725

     Atom 57  C   pos: (  0.931632  0.277161  4.662220)  bare sigma:         -45.20
           -54.2023          6.1309          3.8697
             3.0598        -49.2176         44.1818
             2.1912         44.1895        -32.1948

     Atom 58  C   pos: (  0.222839  0.431632  3.357271)  bare sigma:         -45.20
           -49.2176         -3.0598        -44.1818
            -6.1309        -54.2023          3.8697
           -44.1895          2.1912        -32.1948

     Atom 59  C   pos: (  0.068368  0.722839  2.052323)  bare sigma:         -45.20
           -54.2023          6.1309         -3.8697
             3.0598        -49.2176        -44.1818
            -2.1912        -44.1895        -32.1948

     Atom 60  C   pos: (  0.777161  0.568368  0.747375)  bare sigma:         -45.20
           -49.2176         -3.0598         44.1818
            -6.1309        -54.2023         -3.8697
            44.1895         -2.1912        -32.1948

     Atom 61  C   pos: (  0.277161  0.931632  0.557574)  bare sigma:         -45.20
           -49.2176          3.0598        -44.1818
             6.1309        -54.2023         -3.8697
           -44.1895         -2.1912        -32.1948

     Atom 62  C   pos: (  0.431632  0.222839  1.862522)  bare sigma:         -45.20
           -54.2023         -6.1309         -3.8697
            -3.0598        -49.2176         44.1818
            -2.1912         44.1895        -32.1948

     Atom 63  C   pos: (  0.722839  0.068368  3.167470)  bare sigma:         -45.20
           -49.2176          3.0598         44.1818
             6.1309        -54.2023          3.8697
            44.1895          2.1912        -32.1948

     Atom 64  C   pos: (  0.568368  0.777161  4.472418)  bare sigma:         -45.20
           -54.2023         -6.1309          3.8697
            -3.0598        -49.2176        -44.1818
             2.1912        -44.1895        -32.1948

     Atom 65  C   pos: (  0.117106  0.201241  4.693244)  bare sigma:         -52.23
           -85.4856         -6.1439         24.0638
            -6.5103        -39.5116         44.4928
            26.0547         42.3265        -31.6968

     Atom 66  C   pos: (  0.298759  0.617106  3.388296)  bare sigma:         -52.23
           -39.5116          6.5103        -44.4928
             6.1439        -85.4856         24.0638
           -42.3265         26.0547        -31.6968

     Atom 67  C   pos: (  0.882894  0.798759  2.083348)  bare sigma:         -52.23
           -85.4856         -6.1439        -24.0638
            -6.5103        -39.5116        -44.4928
           -26.0547        -42.3265        -31.6968

     Atom 68  C   pos: (  0.701241  0.382894  0.778399)  bare sigma:         -52.23
           -39.5116          6.5103         44.4928
             6.1439        -85.4856        -24.0638
            42.3265        -26.0547        -31.6968

     Atom 69  C   pos: (  0.201241  0.117106  0.526549)  bare sigma:         -52.23
           -39.5116         -6.5103        -44.4928
            -6.1439        -85.4856        -24.0638
           -42.3265        -26.0547        -31.6968

     Atom 70  C   pos: (  0.617106  0.298759  1.831497)  bare sigma:         -52.23
           -85.4856          6.1439        -24.0638
             6.5103        -39.5116         44.4928
           -26.0547         42.3265        -31.6968

     Atom 71  C   pos: (  0.798759  0.882894  3.136446)  bare sigma:         -52.23
           -39.5116         -6.5103         44.4928
            -6.1439        -85.4856         24.0638
            42.3265         26.0547        -31.6968

     Atom 72  C   pos: (  0.382894  0.701241  4.441394)  bare sigma:         -52.23
           -85.4856          6.1439         24.0638
             6.5103        -39.5116        -44.4928
            26.0547        -42.3265        -31.6968

     Atom 73  C   pos: (  0.146194  1.045849  4.822090)  bare sigma:         -43.67
           -84.3456         20.9443          1.0930
            19.0935        -28.4402         32.3269
             5.4710         34.4155        -18.2312

     Atom 74  C   pos: (  0.454151  0.646194  3.517142)  bare sigma:         -43.67
           -28.4402        -19.0935        -32.3269
           -20.9443        -84.3456          1.0930
