
     Program QE v.6.1 (svn rev. 13369) starts on  8Dec2017 at 17:24:56 

     This program is part of the open-source Quantum ESPRESSO suite
     for quantum simulation of materials; please cite
         "P. Giannozzi et al., J. Phys.:Condens. Matter 21 395502 (2009);
          URL http://www.quantum-espresso.org", 
     in publications or presentations arising from this work. More details at
     http://www.quantum-espresso.org/quote

     Parallel version (MPI), running on     8 processors
     R & G space division:  proc/nbgrp/npool/nimage =       8
 
     ***** This is GIPAW svn revision unknown      *****
 
     Parallelizing q-star over 1 images
     Message from routine gipaw_readin:
     *** iverbosity is obsolete, use verbosity instead ***

     Reading data from directory:
     /scratch/paruzzo/QEspresso/CCDC/PYMDON/wfc/scf.save

   Info: using nr1, nr2, nr3 values from input

   Info: using nr1, nr2, nr3 values from input

     IMPORTANT: XC functional enforced from input :
     Exchange-correlation      =  SLA  PW   PBX  PBC ( 1  4  3  4 0 0)
     Any further DFT definition will be discarded
     Please, verify this is what you really want

               file C.pbe-n-kjpaw_psl.0.1.UPF: wavefunction(s)  2P renormalized
               file N.pbe-n-kjpaw_psl.0.1.UPF: wavefunction(s)  2P renormalized
               file H.pbe-kjpaw_psl.0.1.UPF: wavefunction(s)  1S renormalized
               file O.pbe-n-kjpaw_psl.0.1.UPF: wavefunction(s)  2P renormalized
 
     Parallelization info
     --------------------
     sticks:   dense  smooth     PW     G-vecs:    dense   smooth      PW
     Min        1043    1043    277               103878   103878   14219
     Max        1045    1045    278               103881   103881   14224
     Sum        8349    8349   2217               831033   831033  113757
 

     Check: negative/imaginary core charge=   -0.000002    0.000000

     Subspace diagonalization in iterative solution of the eigenvalue problem:
     a serial algorithm will be used

     GIPAW projectors -----------------------------------------------
     atom=  C    l=0  rc=    1.3000  rs=    0.8667
     atom=  C    l=0  rc=    1.3000  rs=    0.8667
     atom=  C    l=1  rc=    1.4500  rs=    0.9667
     atom=  C    l=1  rc=    1.4500  rs=    0.9667
     projs nearly linearly dependent: l=0  n1,n2= 1, 2  s=  0.99877758
     projs nearly linearly dependent: l=1  n1,n2= 1, 2  s=  0.99940894
 
     atom=  N    l=0  rc=    1.3000  rs=    0.8667
     atom=  N    l=0  rc=    1.3000  rs=    0.8667
     atom=  N    l=1  rc=    1.4500  rs=    0.9667
     atom=  N    l=1  rc=    1.4500  rs=    0.9667
     projs nearly linearly dependent: l=0  n1,n2= 1, 2  s=  0.99709514
     projs nearly linearly dependent: l=1  n1,n2= 1, 2  s=  0.99857174
 
     atom=  H    l=0  rc=    1.0000  rs=    0.6667
     atom=  H    l=0  rc=    1.0000  rs=    0.6667
     projs nearly linearly dependent: l=0  n1,n2= 1, 2  s=  0.99968852
 
     atom=  O    l=0  rc=    1.3500  rs=    0.9000
     atom=  O    l=0  rc=    1.3500  rs=    0.9000
     atom=  O    l=1  rc=    1.3500  rs=    0.9000
     atom=  O    l=1  rc=    1.3500  rs=    0.9000
     projs nearly linearly dependent: l=0  n1,n2= 1, 2  s=  0.99100135
     projs nearly linearly dependent: l=1  n1,n2= 1, 2  s=  0.99790100
     -----------------------------------------------------------------
 
     alpha_pv=     41.7328 eV
 
     q-space interpolation up to   110.00 Rydberg
 
     GIPAW job: nmr                                                                             
     NMR macroscopic correction: yes
             0.6667          0.0000          0.0000
             0.0000          0.6667          0.0000
             0.0000          0.0000          0.6667

 
     Largest allocated arrays     est. size (Mb)     dimensions
        KS wavefunctions at k          34.10 Mb     (   12994,  172)
        KS wavefunctions at k+q        34.10 Mb     (   12994,  172)
        First-order wavefunctions     341.03 Mb     (   12994,  172, 10)
        First-order wavefunct (US)    204.62 Mb     (   12994,  172,  6)
        Charge/spin density             1.69 Mb     (  221616,    1)
        Induced current                15.22 Mb     (  221616,    3,3,1)
        Induced magnetic field         15.22 Mb     (  221616,    3,3,1)
        NL pseudopotentials           101.52 Mb     (   12994,  512)
        GIPAW NL terms                101.52 Mb     (   12994,  512)
 
     Computing the magnetic susceptibility     isolve=0    ethr=  0.1000E-13
     k-point #    1 of     6      pool #  1    cpu time:     192.6
     Rotating WFCS
     c_bands:  4 eigenvalues not converged
     Rotating WFCS
     c_bands:  2 eigenvalues not converged
     Rotating WFCS
     c_bands:  2 eigenvalues not converged
     Rotating WFCS
     c_bands:  2 eigenvalues not converged
     Rotating WFCS
     c_bands:  2 eigenvalues not converged
     Rotating WFCS
     c_bands:  1 eigenvalues not converged
     Rotating WFCS
     c_bands:  1 eigenvalues not converged
     k-point #    2 of     6      pool #  1    cpu time:    5086.4
     Rotating WFCS
     c_bands:  3 eigenvalues not converged
     Rotating WFCS
     Rotating WFCS
     c_bands:  1 eigenvalues not converged
     Rotating WFCS
     c_bands:  1 eigenvalues not converged
     Rotating WFCS
     c_bands:  1 eigenvalues not converged
     Rotating WFCS
     Rotating WFCS
     k-point #    3 of     6      pool #  1    cpu time:    9926.8
     Rotating WFCS
     c_bands:  4 eigenvalues not converged
     Rotating WFCS
     c_bands:  2 eigenvalues not converged
     Rotating WFCS
     c_bands:  2 eigenvalues not converged
     Rotating WFCS
     c_bands:  2 eigenvalues not converged
     Rotating WFCS
     c_bands:  3 eigenvalues not converged
     Rotating WFCS
     c_bands:  2 eigenvalues not converged
     Rotating WFCS
     c_bands:  2 eigenvalues not converged
     k-point #    4 of     6      pool #  1    cpu time:   14919.3
     Rotating WFCS
     c_bands:  2 eigenvalues not converged
     Rotating WFCS
     c_bands:  2 eigenvalues not converged
     Rotating WFCS
     c_bands:  2 eigenvalues not converged
     Rotating WFCS
     Rotating WFCS
     Rotating WFCS
     Rotating WFCS
     k-point #    5 of     6      pool #  1    cpu time:   19664.2
     Rotating WFCS
     c_bands:  4 eigenvalues not converged
     Rotating WFCS
     c_bands:  2 eigenvalues not converged
     Rotating WFCS
     c_bands:  2 eigenvalues not converged
     Rotating WFCS
     c_bands:  2 eigenvalues not converged
     Rotating WFCS
     c_bands:  2 eigenvalues not converged
     Rotating WFCS
     c_bands:  2 eigenvalues not converged
     Rotating WFCS
     c_bands:  2 eigenvalues not converged
     k-point #    6 of     6      pool #  1    cpu time:   24397.8
     Rotating WFCS
     c_bands:  4 eigenvalues not converged
     Rotating WFCS
     c_bands:  3 eigenvalues not converged
     Rotating WFCS
     c_bands:  3 eigenvalues not converged
     Rotating WFCS
     c_bands:  4 eigenvalues not converged
     Rotating WFCS
     c_bands:  4 eigenvalues not converged
     Rotating WFCS
     Rotating WFCS
     c_bands:  1 eigenvalues not converged
     End of magnetic susceptibility calculation
 
     f-sum rule (1st term):
          -278.0494          0.0000          0.0000
             0.0000       -278.0494          0.0000
             0.0000          0.0000       -277.7426

     f-sum rule (2nd term):
            -3.9666          0.0000          0.0000
             0.0000         -3.9666          0.0000
             0.0000          0.0000         -4.2726

     f-sum rule (should be  -282.0145):
          -282.0161          0.0000          0.0000
             0.0000       -282.0161          0.0000
             0.0000          0.0000       -282.0152

     chi_bare pGv (HH) in paratec units:
       -80.018270      0.001209      0.000007
         0.002719    -79.988423     -0.000012
        -0.000034     -0.000251    -77.573544

       -80.003347      0.001964      0.000000
         0.001964    -80.003347      0.000000
         0.000000      0.000000    -77.573544

     chi_bare vGv (VV) in paratec units:
       -78.732480     -0.012482     -0.000044
        -0.012150    -78.774426     -0.000080
        -0.000091     -0.000149    -73.540656

       -78.753453     -0.012316      0.000000
        -0.012316    -78.753453      0.000000
         0.000000      0.000000    -73.540656

     chi_bare pGv (HH) in 10^{-6} cm^3/mol:
          -380.1834          0.0093          0.0000
             0.0093       -380.1834          0.0000
             0.0000          0.0000       -368.6368

     chi_bare vGv (VV) in 10^{-6} cm^3/mol:
          -374.2438         -0.0585          0.0000
            -0.0585       -374.2438          0.0000
             0.0000          0.0000       -349.4721

     Contributions to the NMR chemical shifts: -------------------------------
 
     Macroscopic shape contribution in ppm:                    5.74
             5.8032          0.0000          0.0000
             0.0000          5.8032          0.0000
             0.0000          0.0000          5.6269

 
     Core contribution in ppm:
 
     Atom  1  C   pos: (  0.040266  0.249720  0.315062)  core sigma:         200.51
     Atom  2  C   pos: (  0.250280  0.540266  0.676922)  core sigma:         200.51
     Atom  3  C   pos: (  0.959734  0.750280  1.038781)  core sigma:         200.51
     Atom  4  C   pos: (  0.749720  0.459734  1.400641)  core sigma:         200.51
     Atom  5  C   pos: (  0.249720  0.040266  1.132377)  core sigma:         200.51
     Atom  6  C   pos: (  0.540266  0.250280  0.770518)  core sigma:         200.51
     Atom  7  C   pos: (  0.750280  0.959734  0.408658)  core sigma:         200.51
     Atom  8  C   pos: (  0.459734  0.749720  0.046798)  core sigma:         200.51
     Atom  9  C   pos: (  0.160732  0.042904  0.188281)  core sigma:         200.51
     Atom 10  C   pos: (  0.457096  0.660732  0.550141)  core sigma:         200.51
     Atom 11  C   pos: (  0.839268  0.957096  0.912000)  core sigma:         200.51
     Atom 12  C   pos: (  0.542904  0.339268  1.273860)  core sigma:         200.51
     Atom 13  C   pos: (  0.042904  0.160732  1.259158)  core sigma:         200.51
     Atom 14  C   pos: (  0.660732  0.457096  0.897298)  core sigma:         200.51
     Atom 15  C   pos: (  0.957096  0.839268  0.535439)  core sigma:         200.51
     Atom 16  C   pos: (  0.339268  0.542904  0.173579)  core sigma:         200.51
     Atom 17  C   pos: (  0.278511  0.030574  0.301841)  core sigma:         200.51
     Atom 18  C   pos: (  0.469426  0.778511  0.663701)  core sigma:         200.51
     Atom 19  C   pos: (  0.721489  0.969426  1.025561)  core sigma:         200.51
     Atom 20  C   pos: (  0.530574  0.221489  1.387420)  core sigma:         200.51
     Atom 21  C   pos: (  0.030574  0.278511  1.145598)  core sigma:         200.51
     Atom 22  C   pos: (  0.778511  0.469426  0.783738)  core sigma:         200.51
     Atom 23  C   pos: (  0.969426  0.721489  0.421878)  core sigma:         200.51
     Atom 24  C   pos: (  0.221489  0.530574  0.060019)  core sigma:         200.51
     Atom 25  C   pos: (  0.268973  0.131759  0.426183)  core sigma:         200.51
     Atom 26  C   pos: (  0.368241  0.768973  0.788043)  core sigma:         200.51
     Atom 27  C   pos: (  0.731027  0.868241  1.149902)  core sigma:         200.51
     Atom 28  C   pos: (  0.631759  0.231027  0.064323)  core sigma:         200.51
     Atom 29  C   pos: (  0.131759  0.268973  1.021256)  core sigma:         200.51
     Atom 30  C   pos: (  0.768973  0.368241  0.659396)  core sigma:         200.51
     Atom 31  C   pos: (  0.868241  0.731027  0.297537)  core sigma:         200.51
     Atom 32  C   pos: (  0.231027  0.631759  1.383116)  core sigma:         200.51
     Atom 33  H   pos: (  0.147948  0.316215  0.526288)  core sigma:           0.00
     Atom 34  H   pos: (  0.183785  0.647948  0.888148)  core sigma:           0.00
     Atom 35  H   pos: (  0.852052  0.683785  1.250008)  core sigma:           0.00
     Atom 36  H   pos: (  0.816215  0.352052  0.164428)  core sigma:           0.00
     Atom 37  H   pos: (  0.316215  0.147948  0.921151)  core sigma:           0.00
     Atom 38  H   pos: (  0.647948  0.183785  0.559291)  core sigma:           0.00
     Atom 39  H   pos: (  0.683785  0.852052  0.197431)  core sigma:           0.00
     Atom 40  H   pos: (  0.352052  0.816215  1.283011)  core sigma:           0.00
     Atom 41  H   pos: (  0.160897  0.966539  0.085957)  core sigma:           0.00
     Atom 42  H   pos: (  0.533461  0.660897  0.447817)  core sigma:           0.00
     Atom 43  H   pos: (  0.839103  0.033461  0.809677)  core sigma:           0.00
     Atom 44  H   pos: (  0.466539  0.339103  1.171536)  core sigma:           0.00
     Atom 45  H   pos: (  0.966539  0.160897  1.361482)  core sigma:           0.00
     Atom 46  H   pos: (  0.660897  0.533461  0.999622)  core sigma:           0.00
     Atom 47  H   pos: (  0.033461  0.839103  0.637762)  core sigma:           0.00
     Atom 48  H   pos: (  0.339103  0.466539  0.275903)  core sigma:           0.00
     Atom 49  H   pos: (  0.373542 -0.052665  0.292918)  core sigma:           0.00
     Atom 50  H   pos: (  0.552665  0.873542  0.654778)  core sigma:           0.00
     Atom 51  H   pos: (  0.626458  1.052665  1.016637)  core sigma:           0.00
     Atom 52  H   pos: (  0.447335  0.126458  1.378497)  core sigma:           0.00
     Atom 53  H   pos: ( -0.052665  0.373542  1.154521)  core sigma:           0.00
     Atom 54  H   pos: (  0.873542  0.552665  0.792661)  core sigma:           0.00
     Atom 55  H   pos: (  1.052665  0.626458  0.430802)  core sigma:           0.00
     Atom 56  H   pos: (  0.126458  0.447335  0.068942)  core sigma:           0.00
     Atom 57  H   pos: (  0.349997  0.132409  0.524390)  core sigma:           0.00
     Atom 58  H   pos: (  0.367591  0.849997  0.886249)  core sigma:           0.00
     Atom 59  H   pos: (  0.650003  0.867591  1.248109)  core sigma:           0.00
     Atom 60  H   pos: (  0.632409  0.150003  0.162530)  core sigma:           0.00
     Atom 61  H   pos: (  0.132409  0.349997  0.923050)  core sigma:           0.00
     Atom 62  H   pos: (  0.849997  0.367591  0.561190)  core sigma:           0.00
     Atom 63  H   pos: (  0.867591  0.650003  0.199330)  core sigma:           0.00
     Atom 64  H   pos: (  0.150003  0.632409  1.284909)  core sigma:           0.00
     Atom 65  N   pos: (  0.152249  0.237176  0.432029)  core sigma:         235.78
     Atom 66  N   pos: (  0.262824  0.652249  0.793889)  core sigma:         235.78
     Atom 67  N   pos: (  0.847751  0.762824  1.155748)  core sigma:         235.78
     Atom 68  N   pos: (  0.737176  0.347751  0.070169)  core sigma:         235.78
     Atom 69  N   pos: (  0.237176  0.152249  1.015410)  core sigma:         235.78
     Atom 70  N   pos: (  0.652249  0.262824  0.653550)  core sigma:         235.78
     Atom 71  N   pos: (  0.762824  0.847751  0.291691)  core sigma:         235.78
     Atom 72  N   pos: (  0.347751  0.737176  1.377270)  core sigma:         235.78
     Atom 73  N   pos: (  0.045594  0.146667  0.193215)  core sigma:         235.78
     Atom 74  N   pos: (  0.353333  0.545594  0.555074)  core sigma:         235.78
     Atom 75  N   pos: (  0.954406  0.853333  0.916934)  core sigma:         235.78
     Atom 76  N   pos: (  0.646667  0.454406  1.278794)  core sigma:         235.78
     Atom 77  N   pos: (  0.146667  0.045594  1.254224)  core sigma:         235.78
     Atom 78  N   pos: (  0.545594  0.353333  0.892365)  core sigma:         235.78
     Atom 79  N   pos: (  0.853333  0.954406  0.530505)  core sigma:         235.78
     Atom 80  N   pos: (  0.454406  0.646667  0.168645)  core sigma:         235.78
     Atom 81  O   pos: (  0.939126  0.355358  0.323529)  core sigma:         271.07
     Atom 82  O   pos: (  0.144642  0.439126  0.685388)  core sigma:         271.07
     Atom 83  O   pos: (  0.060874  0.644642  1.047248)  core sigma:         271.07
     Atom 84  O   pos: (  0.855358  0.560874  1.409108)  core sigma:         271.07
     Atom 85  O   pos: (  0.355358  0.939126  1.123910)  core sigma:         271.07
     Atom 86  O   pos: (  0.439126  0.144642  0.762051)  core sigma:         271.07
     Atom 87  O   pos: (  0.644642  0.060874  0.400191)  core sigma:         271.07
     Atom 88  O   pos: (  0.560874  0.855358  0.038331)  core sigma:         271.07
 
     Bare contribution in ppm:
 
     Atom  1  C   pos: (  0.040266  0.249720  0.315062)  bare sigma:         -71.97
           -68.7920          5.2552        -24.1681
             8.8527        -59.6680         -9.0816
           -19.4424        -18.3659        -87.4411

     Atom  2  C   pos: (  0.250280  0.540266  0.676922)  bare sigma:         -71.97
           -59.6679         -8.8525          9.0819
            -5.2550        -68.7913        -24.1677
            18.3662        -19.4421        -87.4408

     Atom  3  C   pos: (  0.959734  0.750280  1.038781)  bare sigma:         -71.97
           -68.7920          5.2552         24.1681
             8.8527        -59.6680          9.0816
            19.4424         18.3659        -87.4411

     Atom  4  C   pos: (  0.749720  0.459734  1.400641)  bare sigma:         -71.97
           -59.6679         -8.8525         -9.0819
            -5.2550        -68.7913         24.1677
           -18.3662         19.4421        -87.4408

     Atom  5  C   pos: (  0.249720  0.040266  1.132377)  bare sigma:         -71.97
           -59.6680          8.8527          9.0816
             5.2552        -68.7920         24.1681
            18.3659         19.4424        -87.4411

     Atom  6  C   pos: (  0.540266  0.250280  0.770518)  bare sigma:         -71.97
           -68.7913         -5.2550         24.1677
            -8.8525        -59.6679         -9.0819
            19.4421        -18.3662        -87.4408

     Atom  7  C   pos: (  0.750280  0.959734  0.408658)  bare sigma:         -71.97
           -59.6680          8.8527         -9.0816
             5.2552        -68.7920        -24.1681
           -18.3659        -19.4424        -87.4411

     Atom  8  C   pos: (  0.459734  0.749720  0.046798)  bare sigma:         -71.97
           -68.7913         -5.2550        -24.1677
            -8.8525        -59.6679          9.0819
           -19.4421         18.3662        -87.4408

     Atom  9  C   pos: (  0.160732  0.042904  0.188281)  bare sigma:         -74.03
           -60.3357         34.4479         -8.6361
            27.6760        -75.6618        -51.6517
           -21.2315        -42.8723        -86.0977

     Atom 10  C   pos: (  0.457096  0.660732  0.550141)  bare sigma:         -74.03
           -75.6611        -27.6758         51.6514
           -34.4478        -60.3351         -8.6360
            42.8719        -21.2314        -86.0969

     Atom 11  C   pos: (  0.839268  0.957096  0.912000)  bare sigma:         -74.03
           -60.3357         34.4479          8.6361
            27.6760        -75.6618         51.6517
            21.2315         42.8723        -86.0977

     Atom 12  C   pos: (  0.542904  0.339268  1.273860)  bare sigma:         -74.03
           -75.6611        -27.6758        -51.6514
           -34.4478        -60.3351          8.6360
           -42.8719         21.2314        -86.0969

     Atom 13  C   pos: (  0.042904  0.160732  1.259158)  bare sigma:         -74.03
           -75.6618         27.6760         51.6517
            34.4479        -60.3357          8.6361
            42.8723         21.2315        -86.0977

     Atom 14  C   pos: (  0.660732  0.457096  0.897298)  bare sigma:         -74.03
           -60.3351        -34.4478          8.6360
           -27.6758        -75.6611        -51.6514
            21.2314        -42.8719        -86.0969

     Atom 15  C   pos: (  0.957096  0.839268  0.535439)  bare sigma:         -74.03
           -75.6618         27.6760        -51.6517
            34.4479        -60.3357         -8.6361
           -42.8723        -21.2315        -86.0977

     Atom 16  C   pos: (  0.339268  0.542904  0.173579)  bare sigma:         -74.03
           -60.3351        -34.4478         -8.6360
           -27.6758        -75.6611         51.6514
           -21.2314         42.8719        -86.0969

     Atom 17  C   pos: (  0.278511  0.030574  0.301841)  bare sigma:         -41.04
           -52.2375         44.0098        -13.5692
            44.2807        -39.1003        -20.7205
           -19.4256        -18.8944        -31.7917

     Atom 18  C   pos: (  0.469426  0.778511  0.663701)  bare sigma:         -41.04
           -39.0999        -44.2806         20.7200
           -44.0098        -52.2379        -13.5696
            18.8939        -19.4261        -31.7917

     Atom 19  C   pos: (  0.721489  0.969426  1.025561)  bare sigma:         -41.04
           -52.2375         44.0098         13.5692
            44.2807        -39.1003         20.7205
            19.4256         18.8944        -31.7917

     Atom 20  C   pos: (  0.530574  0.221489  1.387420)  bare sigma:         -41.04
           -39.0999        -44.2806        -20.7200
           -44.0098        -52.2379         13.5696
           -18.8939         19.4261        -31.7917

     Atom 21  C   pos: (  0.030574  0.278511  1.145598)  bare sigma:         -41.04
           -39.1003         44.2807         20.7205
            44.0098        -52.2375         13.5692
            18.8944         19.4256        -31.7917

     Atom 22  C   pos: (  0.778511  0.469426  0.783738)  bare sigma:         -41.04
           -52.2379        -44.0098         13.5696
           -44.2806        -39.0999        -20.7200
            19.4261        -18.8939        -31.7917

     Atom 23  C   pos: (  0.969426  0.721489  0.421878)  bare sigma:         -41.04
           -39.1003         44.2807        -20.7205
            44.0098        -52.2375        -13.5692
           -18.8944        -19.4256        -31.7917

     Atom 24  C   pos: (  0.221489  0.530574  0.060019)  bare sigma:         -41.04
           -52.2379        -44.0098        -13.5696
           -44.2806        -39.0999         20.7200
           -19.4261         18.8939        -31.7917

     Atom 25  C   pos: (  0.268973  0.131759  0.426183)  bare sigma:         -64.58
           -74.2519         35.0053        -34.1303
            35.2187        -50.1514        -20.2879
           -36.3677        -18.6807        -69.3285

     Atom 26  C   pos: (  0.368241  0.768973  0.788043)  bare sigma:         -64.58
           -50.1514        -35.2187         20.2877
           -35.0052        -74.2520        -34.1304
            18.6806        -36.3678        -69.3285

     Atom 27  C   pos: (  0.731027  0.868241  1.149902)  bare sigma:         -64.58
           -74.2519         35.0053         34.1303
            35.2187        -50.1514         20.2879
            36.3677         18.6807        -69.3285

     Atom 28  C   pos: (  0.631759  0.231027  0.064323)  bare sigma:         -64.58
           -50.1514        -35.2187        -20.2877
           -35.0052        -74.2520         34.1304
           -18.6806         36.3678        -69.3285

     Atom 29  C   pos: (  0.131759  0.268973  1.021256)  bare sigma:         -64.58
           -50.1514         35.2187         20.2879
            35.0053        -74.2519         34.1303
            18.6807         36.3677        -69.3285

     Atom 30  C   pos: (  0.768973  0.368241  0.659396)  bare sigma:         -64.58
           -74.2520        -35.0052         34.1304
           -35.2187        -50.1514        -20.2877
            36.3678        -18.6806        -69.3285

     Atom 31  C   pos: (  0.868241  0.731027  0.297537)  bare sigma:         -64.58
           -50.1514         35.2187        -20.2879
            35.0053        -74.2519        -34.1303
           -18.6807        -36.3677        -69.3285

     Atom 32  C   pos: (  0.231027  0.631759  1.383116)  bare sigma:         -64.58
           -74.2520        -35.0052        -34.1304
           -35.2187        -50.1514         20.2877
           -36.3678         18.6806        -69.3285

     Atom 33  H   pos: (  0.147948  0.316215  0.526288)  bare sigma:           9.25
             4.1348         -0.1718          0.6625
            -0.7942          9.5728         11.1396
             0.8203          9.2945         14.0307

     Atom 34  H   pos: (  0.183785  0.647948  0.888148)  bare sigma:           9.25
             9.5729          0.7942        -11.1397
             0.1718          4.1348          0.6625
            -9.2946          0.8203         14.0307

     Atom 35  H   pos: (  0.852052  0.683785  1.250008)  bare sigma:           9.25
             4.1348         -0.1718         -0.6625
            -0.7942          9.5728        -11.1396
            -0.8203         -9.2945         14.0307

     Atom 36  H   pos: (  0.816215  0.352052  0.164428)  bare sigma:           9.25
             9.5729          0.7942         11.1397
             0.1718          4.1348         -0.6625
             9.2946         -0.8203         14.0307

     Atom 37  H   pos: (  0.316215  0.147948  0.921151)  bare sigma:           9.25
             9.5728         -0.7942        -11.1396
            -0.1718          4.1348         -0.6625
            -9.2945         -0.8203         14.0307

     Atom 38  H   pos: (  0.647948  0.183785  0.559291)  bare sigma:           9.25
             4.1348          0.1718         -0.6625
             0.7942          9.5729         11.1397
            -0.8203          9.2946         14.0307

     Atom 39  H   pos: (  0.683785  0.852052  0.197431)  bare sigma:           9.25
             9.5728         -0.7942         11.1396
            -0.1718          4.1348          0.6625
             9.2945          0.8203         14.0307

     Atom 40  H   pos: (  0.352052  0.816215  1.283011)  bare sigma:           9.25
             4.1348          0.1718          0.6625
             0.7942          9.5729        -11.1397
             0.8203         -9.2946         14.0307

     Atom 41  H   pos: (  0.160897  0.966539  0.085957)  bare sigma:          15.77
            16.0787         -4.1198          2.2444
            -4.3920         14.2849         -1.4079
            -1.4244          1.1467         16.9442

     Atom 42  H   pos: (  0.533461  0.660897  0.447817)  bare sigma:          15.77
            14.2849          4.3919          1.4078
             4.1197         16.0787          2.2444
            -1.1468         -1.4244         16.9442

     Atom 43  H   pos: (  0.839103  0.033461  0.809677)  bare sigma:          15.77
            16.0787         -4.1198         -2.2444
            -4.3920         14.2849          1.4079
             1.4244         -1.1467         16.9442

     Atom 44  H   pos: (  0.466539  0.339103  1.171536)  bare sigma:          15.77
            14.2849          4.3919         -1.4078
             4.1197         16.0787         -2.2444
             1.1468          1.4244         16.9442

     Atom 45  H   pos: (  0.966539  0.160897  1.361482)  bare sigma:          15.77
            14.2849         -4.3920          1.4079
            -4.1198         16.0787         -2.2444
            -1.1467          1.4244         16.9442

     Atom 46  H   pos: (  0.660897  0.533461  0.999622)  bare sigma:          15.77
            16.0787          4.1197         -2.2444
             4.3919         14.2849         -1.4078
             1.4244          1.1468         16.9442

     Atom 47  H   pos: (  0.033461  0.839103  0.637762)  bare sigma:          15.77
            14.2849         -4.3920         -1.4079
            -4.1198         16.0787          2.2444
             1.1467         -1.4244         16.9442

     Atom 48  H   pos: (  0.339103  0.466539  0.275903)  bare sigma:          15.77
            16.0787          4.1197          2.2444
             4.3919         14.2849          1.4078
            -1.4244         -1.1468         16.9442

     Atom 49  H   pos: (  0.373542 -0.052665  0.292918)  bare sigma:          18.04
            17.8502         -1.0860          1.5535
             1.9321         16.8751          1.5452
            -1.1415          1.1850         19.4007

     Atom 50  H   pos: (  0.552665  0.873542  0.654778)  bare sigma:          18.04
            16.8751         -1.9321         -1.5453
             1.0860         17.8502          1.5535
            -1.1851         -1.1415         19.4007

     Atom 51  H   pos: (  0.626458  1.052665  1.016637)  bare sigma:          18.04
            17.8502         -1.0860         -1.5535
             1.9321         16.8751         -1.5452
             1.1415         -1.1850         19.4007

     Atom 52  H   pos: (  0.447335  0.126458  1.378497)  bare sigma:          18.04
            16.8751         -1.9321          1.5453
             1.0860         17.8502         -1.5535
             1.1851          1.1415         19.4007

     Atom 53  H   pos: ( -0.052665  0.373542  1.154521)  bare sigma:          18.04
            16.8751          1.9321         -1.5452
            -1.0860         17.8502         -1.5535
            -1.1850          1.1415         19.4007

     Atom 54  H   pos: (  0.873542  0.552665  0.792661)  bare sigma:          18.04
            17.8502          1.0860         -1.5535
            -1.9321         16.8751          1.5453
             1.1415          1.1851         19.4007

     Atom 55  H   pos: (  1.052665  0.626458  0.430802)  bare sigma:          18.04
            16.8751          1.9321          1.5452
            -1.0860         17.8502          1.5535
             1.1850         -1.1415         19.4007

     Atom 56  H   pos: (  0.126458  0.447335  0.068942)  bare sigma:          18.04
            17.8502          1.0860          1.5535
            -1.9321         16.8751         -1.5453
            -1.1415         -1.1851         19.4007

     Atom 57  H   pos: (  0.349997  0.132409  0.524390)  bare sigma:          14.86
            14.3585         -2.3121          3.3523
            -1.4995         13.0507          2.5044
             1.5605          1.1712         17.1844

     Atom 58  H   pos: (  0.367591  0.849997  0.886249)  bare sigma:          14.86
            13.0507          1.4995         -2.5044
             2.3121         14.3586          3.3523
            -1.1712          1.5605         17.1845

     Atom 59  H   pos: (  0.650003  0.867591  1.248109)  bare sigma:          14.86
            14.3585         -2.3121         -3.3523
            -1.4995         13.0507         -2.5044
            -1.5605         -1.1712         17.1844

     Atom 60  H   pos: (  0.632409  0.150003  0.162530)  bare sigma:          14.86
            13.0507          1.4995          2.5044
             2.3121         14.3586         -3.3523
             1.1712         -1.5605         17.1845

     Atom 61  H   pos: (  0.132409  0.349997  0.923050)  bare sigma:          14.86
            13.0507         -1.4995         -2.5044
            -2.3121         14.3585         -3.3523
            -1.1712         -1.5605         17.1844

     Atom 62  H   pos: (  0.849997  0.367591  0.561190)  bare sigma:          14.86
            14.3586          2.3121         -3.3523
             1.4995         13.0507          2.5044
            -1.5605          1.1712         17.1845

     Atom 63  H   pos: (  0.867591  0.650003  0.199330)  bare sigma:          14.86
            13.0507         -1.4995          2.5044
            -2.3121         14.3585          3.3523
             1.1712          1.5605         17.1844

     Atom 64  H   pos: (  0.150003  0.632409  1.284909)  bare sigma:          14.86
            14.3586          2.3121          3.3523
             1.4995         13.0507         -2.5044
             1.5605         -1.1712         17.1845

     Atom 65  N   pos: (  0.152249  0.237176  0.432029)  bare sigma:         -11.75
            -0.8739         19.7917        -14.3155
            21.9438        -10.5228        -29.8645
           -16.1675        -28.7033        -23.8579

     Atom 66  N   pos: (  0.262824  0.652249  0.793889)  bare sigma:         -11.75
           -10.5224        -21.9435         29.8644
           -19.7915         -0.8736        -14.3155
            28.7032        -16.1675        -23.8577

     Atom 67  N   pos: (  0.847751  0.762824  1.155748)  bare sigma:         -11.75
            -0.8739         19.7917         14.3155
            21.9438        -10.5228         29.8645
            16.1675         28.7033        -23.8579

     Atom 68  N   pos: (  0.737176  0.347751  0.070169)  bare sigma:         -11.75
           -10.5224        -21.9435        -29.8644
           -19.7915         -0.8736         14.3155
           -28.7032         16.1675        -23.8577

     Atom 69  N   pos: (  0.237176  0.152249  1.015410)  bare sigma:         -11.75
           -10.5228         21.9438         29.8645
            19.7917         -0.8739         14.3155
            28.7033         16.1675        -23.8579

     Atom 70  N   pos: (  0.652249  0.262824  0.653550)  bare sigma:         -11.75
            -0.8736        -19.7915         14.3155
           -21.9435        -10.5224        -29.8644
            16.1675        -28.7032        -23.8577

     Atom 71  N   pos: (  0.762824  0.847751  0.291691)  bare sigma:         -11.75
           -10.5228         21.9438        -29.8645
            19.7917         -0.8739        -14.3155
           -28.7033        -16.1675        -23.8579

     Atom 72  N   pos: (  0.347751  0.737176  1.377270)  bare sigma:         -11.75
            -0.8736        -19.7915        -14.3155
           -21.9435        -10.5224         29.8644
           -16.1675         28.7032        -23.8577

     Atom 73  N   pos: (  0.045594  0.146667  0.193215)  bare sigma:         -49.48
           -44.4429         65.8323        -21.2670
            64.1046        -54.1616        -59.6226
           -29.2445        -56.5420        -49.8316

     Atom 74  N   pos: (  0.353333  0.545594  0.555074)  bare sigma:         -49.48
           -54.1617        -64.1043         59.6227
           -65.8321        -44.4430        -21.2669
            56.5421        -29.2444        -49.8319

     Atom 75  N   pos: (  0.954406  0.853333  0.916934)  bare sigma:         -49.48
           -44.4429         65.8323         21.2670
            64.1046        -54.1616         59.6226
            29.2445         56.5420        -49.8316

     Atom 76  N   pos: (  0.646667  0.454406  1.278794)  bare sigma:         -49.48
           -54.1617        -64.1043        -59.6227
           -65.8321        -44.4430         21.2669
           -56.5421         29.2444        -49.8319

     Atom 77  N   pos: (  0.146667  0.045594  1.254224)  bare sigma:         -49.48
           -54.1616         64.1046         59.6226
            65.8323        -44.4429         21.2670
            56.5420         29.2445        -49.8316

     Atom 78  N   pos: (  0.545594  0.353333  0.892365)  bare sigma:         -49.48
           -44.4430        -65.8321         21.2669
           -64.1043        -54.1617        -59.6227
            29.2444        -56.5421        -49.8319

     Atom 79  N   pos: (  0.853333  0.954406  0.530505)  bare sigma:         -49.48
           -54.1616         64.1046        -59.6226
            65.8323        -44.4429        -21.2670
           -56.5420        -29.2445        -49.8316

     Atom 80  N   pos: (  0.454406  0.646667  0.168645)  bare sigma:         -49.48
           -44.4430        -65.8321        -21.2669
           -64.1043        -54.1617         59.6227
           -29.2444         56.5421        -49.8319

     Atom 81  O   pos: (  0.939126  0.355358  0.323529)  bare sigma:           1.73
             6.3338         37.7677        -23.6088
            42.4997          0.6380        -29.7686
           -31.6507        -27.9116         -1.7927

     Atom 82  O   pos: (  0.144642  0.439126  0.685388)  bare sigma:           1.73
             0.6376        -42.4997         29.7685
           -37.7675          6.3340        -23.6089
            27.9117        -31.6506         -1.7927

     Atom 83  O   pos: (  0.060874  0.644642  1.047248)  bare sigma:           1.73
             6.3338         37.7677         23.6088
            42.4997          0.6380         29.7686
            31.6507         27.9116         -1.7927

     Atom 84  O   pos: (  0.855358  0.560874  1.409108)  bare sigma:           1.73
             0.6376        -42.4997        -29.7685
           -37.7675          6.3340         23.6089
           -27.9117         31.6506         -1.7927

     Atom 85  O   pos: (  0.355358  0.939126  1.123910)  bare sigma:           1.73
             0.6380         42.4997         29.7686
            37.7677          6.3338         23.6088
            27.9116         31.6507         -1.7927

     Atom 86  O   pos: (  0.439126  0.144642  0.762051)  bare sigma:           1.73
             6.3340        -37.7675         23.6089
           -42.4997          0.6376        -29.7685
            31.6506        -27.9117         -1.7927

     Atom 87  O   pos: (  0.644642  0.060874  0.400191)  bare sigma:           1.73
             0.6380         42.4997        -29.7686
            37.7677          6.3338        -23.6088
           -27.9116        -31.6507         -1.7927

     Atom 88  O   pos: (  0.560874  0.855358  0.038331)  bare sigma:           1.73
             6.3340        -37.7675        -23.6089
           -42.4997          0.6376         29.7685
           -31.6506         27.9117         -1.7927

     Diamagnetic contribution in ppm:
 
     Atom  1  C   pos: (  0.040266  0.249720  0.315062)  dia sigma:           4.01
             4.0253          0.0972         -0.0116
             0.0972          3.9817         -0.0799
            -0.0116         -0.0799          4.0207

     Atom  2  C   pos: (  0.250280  0.540266  0.676922)  dia sigma:           4.01
             3.9817         -0.0972          0.0799
            -0.0972          4.0253         -0.0116
             0.0799         -0.0116          4.0207

     Atom  3  C   pos: (  0.959734  0.750280  1.038781)  dia sigma:           4.01
             4.0253          0.0972          0.0116
             0.0972          3.9817          0.0799
             0.0116          0.0799          4.0207

     Atom  4  C   pos: (  0.749720  0.459734  1.400641)  dia sigma:           4.01
             3.9817         -0.0972         -0.0799
            -0.0972          4.0253          0.0116
            -0.0799          0.0116          4.0207

     Atom  5  C   pos: (  0.249720  0.040266  1.132377)  dia sigma:           4.01
             3.9817          0.0972          0.0799
             0.0972          4.0253          0.0116
             0.0799          0.0116          4.0207

     Atom  6  C   pos: (  0.540266  0.250280  0.770518)  dia sigma:           4.01
             4.0253         -0.0972          0.0116
            -0.0972          3.9817         -0.0799
             0.0116         -0.0799          4.0207

     Atom  7  C   pos: (  0.750280  0.959734  0.408658)  dia sigma:           4.01
             3.9817          0.0972         -0.0799
             0.0972          4.0253         -0.0116
            -0.0799         -0.0116          4.0207

     Atom  8  C   pos: (  0.459734  0.749720  0.046798)  dia sigma:           4.01
             4.0253         -0.0972         -0.0116
            -0.0972          3.9817          0.0799
            -0.0116          0.0799          4.0207

     Atom  9  C   pos: (  0.160732  0.042904  0.188281)  dia sigma:           4.16
             4.1756          0.1054         -0.1178
             0.1054          4.2084         -0.1414
