
     Program QE v.6.1 (svn rev. 13369) starts on 12Dec2017 at 23:25:36 

     This program is part of the open-source Quantum ESPRESSO suite
     for quantum simulation of materials; please cite
         "P. Giannozzi et al., J. Phys.:Condens. Matter 21 395502 (2009);
          URL http://www.quantum-espresso.org", 
     in publications or presentations arising from this work. More details at
     http://www.quantum-espresso.org/quote

     Parallel version (MPI), running on     8 processors
     R & G space division:  proc/nbgrp/npool/nimage =       8
 
     ***** This is GIPAW svn revision unknown      *****
 
     Parallelizing q-star over 1 images
     Message from routine gipaw_readin:
     *** iverbosity is obsolete, use verbosity instead ***

     Reading data from directory:
     /scratch/paruzzo/QEspresso/CCDC/ROKTAO/wfc/scf.save

   Info: using nr1, nr2, nr3 values from input

   Info: using nr1, nr2, nr3 values from input

     IMPORTANT: XC functional enforced from input :
     Exchange-correlation      =  SLA  PW   PBX  PBC ( 1  4  3  4 0 0)
     Any further DFT definition will be discarded
     Please, verify this is what you really want

               file C.pbe-n-kjpaw_psl.0.1.UPF: wavefunction(s)  2P renormalized
               file N.pbe-n-kjpaw_psl.0.1.UPF: wavefunction(s)  2P renormalized
               file H.pbe-kjpaw_psl.0.1.UPF: wavefunction(s)  1S renormalized
               file O.pbe-n-kjpaw_psl.0.1.UPF: wavefunction(s)  2P renormalized
 
     Parallelization info
     --------------------
     sticks:   dense  smooth     PW     G-vecs:    dense   smooth      PW
     Min         338     338     93                87274    87274   12571
     Max         339     339     94                87289    87289   12586
     Sum        2709    2709    749               698249   698249  100647
 

     Check: negative/imaginary core charge=   -0.000003    0.000000

     Subspace diagonalization in iterative solution of the eigenvalue problem:
     a serial algorithm will be used

     GIPAW projectors -----------------------------------------------
     atom=  C    l=0  rc=    1.3000  rs=    0.8667
     atom=  C    l=0  rc=    1.3000  rs=    0.8667
     atom=  C    l=1  rc=    1.4500  rs=    0.9667
     atom=  C    l=1  rc=    1.4500  rs=    0.9667
     projs nearly linearly dependent: l=0  n1,n2= 1, 2  s=  0.99877758
     projs nearly linearly dependent: l=1  n1,n2= 1, 2  s=  0.99940894
 
     atom=  N    l=0  rc=    1.3000  rs=    0.8667
     atom=  N    l=0  rc=    1.3000  rs=    0.8667
     atom=  N    l=1  rc=    1.4500  rs=    0.9667
     atom=  N    l=1  rc=    1.4500  rs=    0.9667
     projs nearly linearly dependent: l=0  n1,n2= 1, 2  s=  0.99709514
     projs nearly linearly dependent: l=1  n1,n2= 1, 2  s=  0.99857174
 
     atom=  H    l=0  rc=    1.0000  rs=    0.6667
     atom=  H    l=0  rc=    1.0000  rs=    0.6667
     projs nearly linearly dependent: l=0  n1,n2= 1, 2  s=  0.99968852
 
     atom=  O    l=0  rc=    1.3500  rs=    0.9000
     atom=  O    l=0  rc=    1.3500  rs=    0.9000
     atom=  O    l=1  rc=    1.3500  rs=    0.9000
     atom=  O    l=1  rc=    1.3500  rs=    0.9000
     projs nearly linearly dependent: l=0  n1,n2= 1, 2  s=  0.99100135
     projs nearly linearly dependent: l=1  n1,n2= 1, 2  s=  0.99790100
     -----------------------------------------------------------------
 
     alpha_pv=     49.6253 eV
 
     q-space interpolation up to   110.00 Rydberg
 
     GIPAW job: nmr                                                                             
     NMR macroscopic correction: yes
             0.6667          0.0000          0.0000
             0.0000          0.6667          0.0000
             0.0000          0.0000          0.6667

 
     Largest allocated arrays     est. size (Mb)     dimensions
        KS wavefunctions at k          32.38 Mb     (   11051,  192)
        KS wavefunctions at k+q        32.38 Mb     (   11051,  192)
        First-order wavefunctions     323.76 Mb     (   11051,  192, 10)
        First-order wavefunct (US)    194.26 Mb     (   11051,  192,  6)
        Charge/spin density             1.37 Mb     (  180000,    1)
        Induced current                12.36 Mb     (  180000,    3,3,1)
        Induced magnetic field         12.36 Mb     (  180000,    3,3,1)
        NL pseudopotentials            83.64 Mb     (   11051,  496)
        GIPAW NL terms                 83.64 Mb     (   11051,  496)
 
     Computing the magnetic susceptibility     isolve=0    ethr=  0.1000E-13
     k-point #    1 of     7      pool #  1    cpu time:     299.0
     Rotating WFCS
     Rotating WFCS
     Rotating WFCS
     Rotating WFCS
     Rotating WFCS
     Rotating WFCS
     Rotating WFCS
     k-point #    2 of     7      pool #  1    cpu time:    3933.3
     Rotating WFCS
     Rotating WFCS
     Rotating WFCS
     Rotating WFCS
     Rotating WFCS
     Rotating WFCS
     Rotating WFCS
     k-point #    3 of     7      pool #  1    cpu time:    7717.6
     Rotating WFCS
     Rotating WFCS
     c_bands:  2 eigenvalues not converged
     Rotating WFCS
     c_bands:  2 eigenvalues not converged
     Rotating WFCS
     c_bands:  2 eigenvalues not converged
     Rotating WFCS
     c_bands:  2 eigenvalues not converged
     Rotating WFCS
     c_bands:  2 eigenvalues not converged
     Rotating WFCS
     c_bands:  2 eigenvalues not converged
     k-point #    4 of     7      pool #  1    cpu time:   11701.4
     Rotating WFCS
     Rotating WFCS
     Rotating WFCS
     Rotating WFCS
     Rotating WFCS
     Rotating WFCS
     Rotating WFCS
     k-point #    5 of     7      pool #  1    cpu time:   15615.8
     Rotating WFCS
     Rotating WFCS
     Rotating WFCS
     Rotating WFCS
     Rotating WFCS
     Rotating WFCS
     Rotating WFCS
     k-point #    6 of     7      pool #  1    cpu time:   19527.5
     Rotating WFCS
     c_bands:  2 eigenvalues not converged
     Rotating WFCS
     c_bands:  2 eigenvalues not converged
     Rotating WFCS
     c_bands:  2 eigenvalues not converged
     Rotating WFCS
     c_bands:  2 eigenvalues not converged
     Rotating WFCS
     c_bands:  2 eigenvalues not converged
     Rotating WFCS
     c_bands:  2 eigenvalues not converged
     Rotating WFCS
     c_bands:  2 eigenvalues not converged
     k-point #    7 of     7      pool #  1    cpu time:   23545.1
     Rotating WFCS
     Rotating WFCS
     Rotating WFCS
     Rotating WFCS
     Rotating WFCS
     Rotating WFCS
     Rotating WFCS
     End of magnetic susceptibility calculation
 
     f-sum rule (1st term):
          -300.3908         -0.0003          0.0000
            -0.0003       -300.3908          0.0000
             0.0000          0.0000       -300.3738

     f-sum rule (2nd term):
            -7.9525          0.0000          0.0000
             0.0000         -7.9525          0.0000
             0.0000          0.0000         -7.9693

     f-sum rule (should be  -308.3434):
          -308.3433         -0.0003          0.0000
            -0.0003       -308.3433          0.0000
             0.0000          0.0000       -308.3431

     chi_bare pGv (HH) in paratec units:
       -70.998600      0.667989     -0.000286
         0.650968    -70.660936     -0.002453
        -0.000785     -0.004448    -72.872827

       -70.829768      0.659479      0.000000
         0.659479    -70.829768      0.000000
         0.000000      0.000000    -72.872827

     chi_bare vGv (VV) in paratec units:
       -71.222383      0.664809     -0.000322
         0.660885    -69.795804     -0.002713
        -0.000502     -0.003097    -71.208935

       -70.509093      0.662847      0.000000
         0.662847    -70.509093      0.000000
         0.000000      0.000000    -71.208935

     chi_bare pGv (HH) in 10^{-6} cm^3/mol:
          -336.5897          3.1339          0.0000
             3.1339       -336.5897          0.0000
             0.0000          0.0000       -346.2985

     chi_bare vGv (VV) in 10^{-6} cm^3/mol:
          -335.0659          3.1499          0.0000
             3.1499       -335.0659          0.0000
             0.0000          0.0000       -338.3916

     Contributions to the NMR chemical shifts: -------------------------------
 
     Macroscopic shape contribution in ppm:                    6.18
             6.1163          0.0000          0.0000
             0.0000          6.1163          0.0000
             0.0000          0.0000          6.2927

 
     Core contribution in ppm:
 
     Atom  1  N   pos: (  0.777101 -0.021951  6.309762)  core sigma:         235.78
     Atom  2  N   pos: (  0.522110  0.276835  4.653785)  core sigma:         235.78
     Atom  3  N   pos: (  0.477890  0.723165  1.341734)  core sigma:         235.78
     Atom  4  N   pos: (  0.276835  0.522110  1.970317)  core sigma:         235.78
     Atom  5  N   pos: (  0.723165  0.477890  5.282368)  core sigma:         235.78
     Atom  6  N   pos: (  0.222899  1.021951  2.997711)  core sigma:         235.78
     Atom  7  N   pos: ( -0.021951  0.777101  0.314340)  core sigma:         235.78
     Atom  8  N   pos: (  1.021951  0.222899  3.626391)  core sigma:         235.78
     Atom  9  H   pos: (  0.869576  0.145926  6.398950)  core sigma:           0.00
     Atom 10  H   pos: (  0.354272  0.369303  4.742988)  core sigma:           0.00
     Atom 11  H   pos: (  0.645728  0.630697  1.430938)  core sigma:           0.00
     Atom 12  H   pos: (  0.369303  0.354272  1.881113)  core sigma:           0.00
     Atom 13  H   pos: (  0.630697  0.645728  5.193164)  core sigma:           0.00
     Atom 14  H   pos: (  0.130424  0.854074  3.086899)  core sigma:           0.00
     Atom 15  H   pos: (  0.145926  0.869576  0.225152)  core sigma:           0.00
     Atom 16  H   pos: (  0.854074  0.130424  3.537203)  core sigma:           0.00
     Atom 17  H   pos: (  0.829403  0.913628  6.117522)  core sigma:           0.00
     Atom 18  H   pos: (  0.586568  0.329148  4.461538)  core sigma:           0.00
     Atom 19  H   pos: (  0.413432  0.670852  1.149487)  core sigma:           0.00
     Atom 20  H   pos: (  0.329148  0.586568  2.162564)  core sigma:           0.00
     Atom 21  H   pos: (  0.670852  0.413432  5.474615)  core sigma:           0.00
     Atom 22  H   pos: (  0.170597  0.086372  2.805471)  core sigma:           0.00
     Atom 23  H   pos: (  0.913628  0.829403  0.506580)  core sigma:           0.00
     Atom 24  H   pos: (  0.086372  0.170597  3.818631)  core sigma:           0.00
     Atom 25  C   pos: (  0.548485  0.886003  6.426620)  core sigma:         200.51
     Atom 26  C   pos: (  0.614204  0.048213  4.770656)  core sigma:         200.51
     Atom 27  C   pos: (  0.385796  0.951787  1.458605)  core sigma:         200.51
     Atom 28  C   pos: (  0.048213  0.614204  1.853446)  core sigma:         200.51
     Atom 29  C   pos: (  0.951787  0.385796  5.165497)  core sigma:         200.51
     Atom 30  C   pos: (  0.451515  0.113997  3.114569)  core sigma:         200.51
     Atom 31  C   pos: (  0.886003  0.548485  0.197482)  core sigma:         200.51
     Atom 32  C   pos: (  0.113997  0.451515  3.509533)  core sigma:         200.51
     Atom 33  N   pos: (  0.398475  0.666307  6.316903)  core sigma:         235.78
     Atom 34  N   pos: (  0.833872  0.898193  4.660871)  core sigma:         235.78
     Atom 35  N   pos: (  0.166128  0.101807  1.348820)  core sigma:         235.78
     Atom 36  N   pos: (  0.898193  0.833872  1.963231)  core sigma:         235.78
     Atom 37  N   pos: (  0.101807  0.166128  5.275282)  core sigma:         235.78
     Atom 38  N   pos: (  0.601525  0.333693  3.004852)  core sigma:         235.78
     Atom 39  N   pos: (  0.666307  0.398475  0.307199)  core sigma:         235.78
     Atom 40  N   pos: (  0.333693  0.601525  3.619250)  core sigma:         235.78
     Atom 41  H   pos: (  0.230415  0.589635  6.431289)  core sigma:           0.00
     Atom 42  H   pos: (  0.910614  0.730175  4.775247)  core sigma:           0.00
     Atom 43  H   pos: (  0.089386  0.269825  1.463196)  core sigma:           0.00
     Atom 44  H   pos: (  0.730175  0.910614  1.848855)  core sigma:           0.00
     Atom 45  H   pos: (  0.269825  0.089386  5.160906)  core sigma:           0.00
     Atom 46  H   pos: (  0.769585  0.410365  3.119238)  core sigma:           0.00
     Atom 47  H   pos: (  0.589635  0.230415  0.192813)  core sigma:           0.00
     Atom 48  H   pos: (  0.410365  0.769585  3.504864)  core sigma:           0.00
     Atom 49  N   pos: (  0.452341  0.513870  6.081556)  core sigma:         235.78
     Atom 50  N   pos: (  0.986226  0.952124  4.425509)  core sigma:         235.78
     Atom 51  N   pos: (  0.013774  0.047876  1.113458)  core sigma:         235.78
     Atom 52  N   pos: (  0.952124  0.986226  2.198592)  core sigma:         235.78
     Atom 53  N   pos: (  0.047876  0.013774  5.510643)  core sigma:         235.78
     Atom 54  N   pos: (  0.547659  0.486130  2.769505)  core sigma:         235.78
     Atom 55  N   pos: (  0.513870  0.452341  0.542546)  core sigma:         235.78
     Atom 56  N   pos: (  0.486130  0.547659  3.854597)  core sigma:         235.78
     Atom 57  O   pos: (  0.288423  0.325064  6.038680)  core sigma:         271.07
     Atom 58  O   pos: (  0.175119  0.788193  4.382572)  core sigma:         271.07
     Atom 59  O   pos: (  0.824881  0.211807  1.070521)  core sigma:         271.07
     Atom 60  O   pos: (  0.788193  0.175119  2.241530)  core sigma:         271.07
     Atom 61  O   pos: (  0.211807  0.824881  5.553581)  core sigma:         271.07
     Atom 62  O   pos: (  0.711577  0.674936  2.726629)  core sigma:         271.07
     Atom 63  O   pos: (  0.325064  0.288423  0.585422)  core sigma:         271.07
     Atom 64  O   pos: (  0.674936  0.711577  3.897473)  core sigma:         271.07
     Atom 65  O   pos: (  0.647623  0.581000  5.935901)  core sigma:         271.07
     Atom 66  O   pos: (  0.919077  0.147383  4.279853)  core sigma:         271.07
     Atom 67  O   pos: (  0.080923  0.852617  0.967802)  core sigma:         271.07
     Atom 68  O   pos: (  0.147383  0.919077  2.344249)  core sigma:         271.07
     Atom 69  O   pos: (  0.852617  0.080923  5.656300)  core sigma:         271.07
     Atom 70  O   pos: (  0.352377  0.419000  2.623850)  core sigma:         271.07
     Atom 71  O   pos: (  0.581000  0.647623  0.688201)  core sigma:         271.07
     Atom 72  O   pos: (  0.419000  0.352377  4.000252)  core sigma:         271.07
     Atom 73  O   pos: (  0.449595  0.978815  0.022000)  core sigma:         271.07
     Atom 74  O   pos: (  0.521369  0.949285  4.990063)  core sigma:         271.07
     Atom 75  O   pos: (  0.478631  0.050715  1.678012)  core sigma:         271.07
     Atom 76  O   pos: (  0.949285  0.521369  1.634039)  core sigma:         271.07
     Atom 77  O   pos: (  0.050715  0.478631  4.946090)  core sigma:         271.07
     Atom 78  O   pos: (  0.550405  0.021185  3.334050)  core sigma:         271.07
     Atom 79  O   pos: (  0.978815  0.449595  6.602102)  core sigma:         271.07
     Atom 80  O   pos: (  0.021185  0.550405  3.290051)  core sigma:         271.07
 
     Bare contribution in ppm:
 
     Atom  1  N   pos: (  0.777101 -0.021951  6.309762)  bare sigma:          19.10
            33.5188         -0.4716          1.6656
            -6.8139         16.4019        -19.9897
            -5.3368        -25.1535          7.3887

     Atom  2  N   pos: (  0.522110  0.276835  4.653785)  bare sigma:          19.10
            16.3929          6.8141         19.9961
             0.4569         33.5219          1.6604
            25.1610         -5.3411          7.3827

     Atom  3  N   pos: (  0.477890  0.723165  1.341734)  bare sigma:          19.10
            16.3929          6.8141        -19.9961
             0.4569         33.5219         -1.6604
           -25.1610          5.3411          7.3827

     Atom  4  N   pos: (  0.276835  0.522110  1.970317)  bare sigma:          19.10
            33.5219          0.4569         -1.6604
             6.8141         16.3929        -19.9961
             5.3411        -25.1610          7.3827

     Atom  5  N   pos: (  0.723165  0.477890  5.282368)  bare sigma:          19.10
            33.5219          0.4569          1.6604
             6.8141         16.3929         19.9961
            -5.3411         25.1610          7.3827

     Atom  6  N   pos: (  0.222899  1.021951  2.997711)  bare sigma:          19.10
            33.5188         -0.4716         -1.6656
            -6.8139         16.4019         19.9897
             5.3368         25.1535          7.3887

     Atom  7  N   pos: ( -0.021951  0.777101  0.314340)  bare sigma:          19.10
            16.4019         -6.8139         19.9897
            -0.4716         33.5188         -1.6656
            25.1535          5.3368          7.3887

     Atom  8  N   pos: (  1.021951  0.222899  3.626391)  bare sigma:          19.10
            16.4019         -6.8139        -19.9897
            -0.4716         33.5188          1.6656
           -25.1535         -5.3368          7.3887

     Atom  9  H   pos: (  0.869576  0.145926  6.398950)  bare sigma:          14.05
            12.3855          5.9600          2.4629
             5.6112         19.8225          5.3930
             1.6356          4.5667          9.9392

     Atom 10  H   pos: (  0.354272  0.369303  4.742988)  bare sigma:          14.05
            19.8213         -5.6136         -5.3951
            -5.9645         12.3830          2.4673
            -4.5705          1.6373          9.9386

     Atom 11  H   pos: (  0.645728  0.630697  1.430938)  bare sigma:          14.05
            19.8213         -5.6136          5.3951
            -5.9645         12.3830         -2.4673
             4.5705         -1.6373          9.9386

     Atom 12  H   pos: (  0.369303  0.354272  1.881113)  bare sigma:          14.05
            12.3830         -5.9645         -2.4673
            -5.6136         19.8213          5.3951
            -1.6373          4.5705          9.9386

     Atom 13  H   pos: (  0.630697  0.645728  5.193164)  bare sigma:          14.05
            12.3830         -5.9645          2.4673
            -5.6136         19.8213         -5.3951
             1.6373         -4.5705          9.9386

     Atom 14  H   pos: (  0.130424  0.854074  3.086899)  bare sigma:          14.05
            12.3855          5.9600         -2.4629
             5.6112         19.8225         -5.3930
            -1.6356         -4.5667          9.9392

     Atom 15  H   pos: (  0.145926  0.869576  0.225152)  bare sigma:          14.05
            19.8225          5.6112         -5.3930
             5.9600         12.3855         -2.4629
            -4.5667         -1.6356          9.9392

     Atom 16  H   pos: (  0.854074  0.130424  3.537203)  bare sigma:          14.05
            19.8225          5.6112          5.3930
             5.9600         12.3855          2.4629
             4.5667          1.6356          9.9392

     Atom 17  H   pos: (  0.829403  0.913628  6.117522)  bare sigma:          15.26
            12.6456          0.6238         -4.0523
             0.4357         11.9690          2.7454
            -4.2968          2.1988         21.1733

     Atom 18  H   pos: (  0.586568  0.329148  4.461538)  bare sigma:          15.26
            11.9663         -0.4371         -2.7480
            -0.6262         12.6412         -4.0520
            -2.2000         -4.2944         21.1681

     Atom 19  H   pos: (  0.413432  0.670852  1.149487)  bare sigma:          15.26
            11.9663         -0.4371          2.7480
            -0.6262         12.6412          4.0520
             2.2000          4.2944         21.1681

     Atom 20  H   pos: (  0.329148  0.586568  2.162564)  bare sigma:          15.26
            12.6412         -0.6262          4.0520
            -0.4371         11.9663          2.7480
             4.2944          2.2000         21.1681

     Atom 21  H   pos: (  0.670852  0.413432  5.474615)  bare sigma:          15.26
            12.6412         -0.6262         -4.0520
            -0.4371         11.9663         -2.7480
            -4.2944         -2.2000         21.1681

     Atom 22  H   pos: (  0.170597  0.086372  2.805471)  bare sigma:          15.26
            12.6456          0.6238          4.0523
             0.4357         11.9690         -2.7454
             4.2968         -2.1988         21.1733

     Atom 23  H   pos: (  0.913628  0.829403  0.506580)  bare sigma:          15.26
            11.9690          0.4357         -2.7454
             0.6238         12.6456          4.0523
            -2.1988          4.2968         21.1733

     Atom 24  H   pos: (  0.086372  0.170597  3.818631)  bare sigma:          15.26
            11.9690          0.4357          2.7454
             0.6238         12.6456         -4.0523
             2.1988         -4.2968         21.1733

     Atom 25  C   pos: (  0.548485  0.886003  6.426620)  bare sigma:         -68.42
           -66.2058        -25.2236         -6.2864
           -21.6853        -77.3426        -18.6416
            -2.5347        -16.9872        -61.7049

     Atom 26  C   pos: (  0.614204  0.048213  4.770656)  bare sigma:         -68.41
           -77.3405         21.6857         18.6326
            25.2209        -66.1973         -6.3011
            16.9828         -2.5435        -61.6957

     Atom 27  C   pos: (  0.385796  0.951787  1.458605)  bare sigma:         -68.41
           -77.3405         21.6857        -18.6326
            25.2209        -66.1973          6.3011
           -16.9828          2.5435        -61.6957

     Atom 28  C   pos: (  0.048213  0.614204  1.853446)  bare sigma:         -68.41
           -66.1973         25.2209          6.3011
            21.6857        -77.3405        -18.6326
             2.5435        -16.9828        -61.6957

     Atom 29  C   pos: (  0.951787  0.385796  5.165497)  bare sigma:         -68.41
           -66.1973         25.2209         -6.3011
            21.6857        -77.3405         18.6326
            -2.5435         16.9828        -61.6957

     Atom 30  C   pos: (  0.451515  0.113997  3.114569)  bare sigma:         -68.42
           -66.2058        -25.2236          6.2864
           -21.6853        -77.3426         18.6416
             2.5347         16.9872        -61.7049

     Atom 31  C   pos: (  0.886003  0.548485  0.197482)  bare sigma:         -68.42
           -77.3426        -21.6853         18.6416
           -25.2236        -66.2058          6.2864
            16.9872          2.5347        -61.7049

     Atom 32  C   pos: (  0.113997  0.451515  3.509533)  bare sigma:         -68.42
           -77.3426        -21.6853        -18.6416
           -25.2236        -66.2058         -6.2864
           -16.9872         -2.5347        -61.7049

     Atom 33  N   pos: (  0.398475  0.666307  6.316903)  bare sigma:         -26.23
           -51.0025        -27.2274          9.3817
           -25.2016        -22.6378         18.8995
            12.2004         21.2622         -5.0553

     Atom 34  N   pos: (  0.833872  0.898193  4.660871)  bare sigma:         -26.22
           -22.6274         25.1934        -18.8849
            27.2388        -50.9971          9.3827
           -21.2712         12.2267         -5.0503

     Atom 35  N   pos: (  0.166128  0.101807  1.348820)  bare sigma:         -26.22
           -22.6274         25.1934         18.8849
            27.2388        -50.9971         -9.3827
            21.2712        -12.2267         -5.0503

     Atom 36  N   pos: (  0.898193  0.833872  1.963231)  bare sigma:         -26.22
           -50.9971         27.2388         -9.3827
            25.1934        -22.6274         18.8849
           -12.2267         21.2712         -5.0503

     Atom 37  N   pos: (  0.101807  0.166128  5.275282)  bare sigma:         -26.22
           -50.9971         27.2388          9.3827
            25.1934        -22.6274        -18.8849
            12.2267        -21.2712         -5.0503

     Atom 38  N   pos: (  0.601525  0.333693  3.004852)  bare sigma:         -26.23
           -51.0025        -27.2274         -9.3817
           -25.2016        -22.6378        -18.8995
           -12.2004        -21.2622         -5.0553

     Atom 39  N   pos: (  0.666307  0.398475  0.307199)  bare sigma:         -26.23
           -22.6378        -25.2016        -18.8995
           -27.2274        -51.0025         -9.3817
           -21.2622        -12.2004         -5.0553

     Atom 40  N   pos: (  0.333693  0.601525  3.619250)  bare sigma:         -26.23
           -22.6378        -25.2016         18.8995
           -27.2274        -51.0025          9.3817
            21.2622         12.2004         -5.0553

     Atom 41  H   pos: (  0.230415  0.589635  6.431289)  bare sigma:           7.32
            10.8782          2.6907         -7.9274
             2.5045          3.6263         -1.3812
            -8.0349         -2.1618          7.4500

     Atom 42  H   pos: (  0.910614  0.730175  4.775247)  bare sigma:           7.32
             3.6296         -2.5093          1.3873
            -2.6908         10.8721         -7.9263
             2.1626         -8.0323          7.4510

     Atom 43  H   pos: (  0.089386  0.269825  1.463196)  bare sigma:           7.32
             3.6296         -2.5093         -1.3873
            -2.6908         10.8721          7.9263
            -2.1626          8.0323          7.4510

     Atom 44  H   pos: (  0.730175  0.910614  1.848855)  bare sigma:           7.32
            10.8721         -2.6908          7.9263
            -2.5093          3.6296         -1.3873
             8.0323         -2.1626          7.4510

     Atom 45  H   pos: (  0.269825  0.089386  5.160906)  bare sigma:           7.32
            10.8721         -2.6908         -7.9263
            -2.5093          3.6296          1.3873
            -8.0323          2.1626          7.4510

     Atom 46  H   pos: (  0.769585  0.410365  3.119238)  bare sigma:           7.32
            10.8782          2.6907          7.9274
             2.5045          3.6263          1.3812
             8.0349          2.1618          7.4500

     Atom 47  H   pos: (  0.589635  0.230415  0.192813)  bare sigma:           7.32
             3.6263          2.5045          1.3812
             2.6907         10.8782          7.9274
             2.1618          8.0349          7.4500

     Atom 48  H   pos: (  0.410365  0.769585  3.504864)  bare sigma:           7.32
             3.6263          2.5045         -1.3812
             2.6907         10.8782         -7.9274
            -2.1618         -8.0349          7.4500

     Atom 49  N   pos: (  0.452341  0.513870  6.081556)  bare sigma:         -67.32
           -50.0758         -1.7208         11.7555
            -4.5955        -65.8334        -28.0234
             8.6762        -32.4616        -86.0431

     Atom 50  N   pos: (  0.986226  0.952124  4.425509)  bare sigma:         -67.34
           -65.8373          4.6008         28.0256
             1.7274        -50.1014         11.7811
            32.4658          8.7010        -86.0891

     Atom 51  N   pos: (  0.013774  0.047876  1.113458)  bare sigma:         -67.34
           -65.8373          4.6008        -28.0256
             1.7274        -50.1014        -11.7811
           -32.4658         -8.7010        -86.0891

     Atom 52  N   pos: (  0.952124  0.986226  2.198592)  bare sigma:         -67.34
           -50.1014          1.7274        -11.7811
             4.6008        -65.8373        -28.0256
            -8.7010        -32.4658        -86.0891

     Atom 53  N   pos: (  0.047876  0.013774  5.510643)  bare sigma:         -67.34
           -50.1014          1.7274         11.7811
             4.6008        -65.8373         28.0256
             8.7010         32.4658        -86.0891

     Atom 54  N   pos: (  0.547659  0.486130  2.769505)  bare sigma:         -67.32
           -50.0758         -1.7208        -11.7555
            -4.5955        -65.8334         28.0234
            -8.6762         32.4616        -86.0431

     Atom 55  N   pos: (  0.513870  0.452341  0.542546)  bare sigma:         -67.32
           -65.8334         -4.5955         28.0234
            -1.7208        -50.0758        -11.7555
            32.4616         -8.6762        -86.0431

     Atom 56  N   pos: (  0.486130  0.547659  3.854597)  bare sigma:         -67.32
           -65.8334         -4.5955        -28.0234
            -1.7208        -50.0758         11.7555
           -32.4616          8.6762        -86.0431

     Atom 57  O   pos: (  0.288423  0.325064  6.038680)  bare sigma:         -65.85
           -65.4786        -37.4535         52.7481
           -67.4828        -64.9289        -19.5441
            14.5747        -58.8157        -67.1503

     Atom 58  O   pos: (  0.175119  0.788193  4.382572)  bare sigma:         -65.99
           -65.0489         67.4590         19.5222
            37.4263        -65.6057         52.7697
            58.8035         14.5847        -67.3301

     Atom 59  O   pos: (  0.824881  0.211807  1.070521)  bare sigma:         -65.99
           -65.0489         67.4590        -19.5222
            37.4263        -65.6057        -52.7697
           -58.8035        -14.5847        -67.3301

     Atom 60  O   pos: (  0.788193  0.175119  2.241530)  bare sigma:         -65.99
           -65.6057         37.4263        -52.7697
            67.4590        -65.0489        -19.5222
           -14.5847        -58.8035        -67.3301

     Atom 61  O   pos: (  0.211807  0.824881  5.553581)  bare sigma:         -65.99
           -65.6057         37.4263         52.7697
            67.4590        -65.0489         19.5222
            14.5847         58.8035        -67.3301

     Atom 62  O   pos: (  0.711577  0.674936  2.726629)  bare sigma:         -65.85
           -65.4786        -37.4535        -52.7481
           -67.4828        -64.9289         19.5441
           -14.5747         58.8157        -67.1503

     Atom 63  O   pos: (  0.325064  0.288423  0.585422)  bare sigma:         -65.85
           -64.9289        -67.4828         19.5441
           -37.4535        -65.4786        -52.7481
            58.8157        -14.5747        -67.1503

     Atom 64  O   pos: (  0.674936  0.711577  3.897473)  bare sigma:         -65.85
           -64.9289        -67.4828        -19.5441
           -37.4535        -65.4786         52.7481
           -58.8157         14.5747        -67.1503

     Atom 65  O   pos: (  0.647623  0.581000  5.935901)  bare sigma:         -65.14
           -67.6381        -66.5062         27.1227
           -43.9870        -56.3908        -55.8121
            61.8428        -27.9518        -71.3854

     Atom 66  O   pos: (  0.919077  0.147383  4.279853)  bare sigma:         -65.15
           -56.3614         43.9962         55.8268
            66.5033        -67.6280         27.1933
            27.9666         61.9080        -71.4673

     Atom 67  O   pos: (  0.080923  0.852617  0.967802)  bare sigma:         -65.15
           -56.3614         43.9962        -55.8268
            66.5033        -67.6280        -27.1933
           -27.9666        -61.9080        -71.4673

     Atom 68  O   pos: (  0.147383  0.919077  2.344249)  bare sigma:         -65.15
           -67.6280         66.5033        -27.1933
            43.9962        -56.3614        -55.8268
           -61.9080        -27.9666        -71.4673

     Atom 69  O   pos: (  0.852617  0.080923  5.656300)  bare sigma:         -65.15
           -67.6280         66.5033         27.1933
            43.9962        -56.3614         55.8268
            61.9080         27.9666        -71.4673

     Atom 70  O   pos: (  0.352377  0.419000  2.623850)  bare sigma:         -65.14
           -67.6381        -66.5062        -27.1227
           -43.9870        -56.3908         55.8121
           -61.8428         27.9518        -71.3854

     Atom 71  O   pos: (  0.581000  0.647623  0.688201)  bare sigma:         -65.14
           -56.3908        -43.9870         55.8121
           -66.5062        -67.6381        -27.1227
            27.9518        -61.8428        -71.3854

     Atom 72  O   pos: (  0.419000  0.352377  4.000252)  bare sigma:         -65.14
           -56.3908        -43.9870        -55.8121
           -66.5062        -67.6381         27.1227
           -27.9518         61.8428        -71.3854

     Atom 73  O   pos: (  0.449595  0.978815  0.022000)  bare sigma:          14.60
            18.5889        -33.6893         17.5474
           -22.6690         19.4784        -40.5119
            27.3442        -25.8555          5.7397

     Atom 74  O   pos: (  0.521369  0.949285  4.990063)  bare sigma:          14.61
            19.4765         22.6654         40.5417
            33.6792         18.5921         17.5661
            25.8685         27.3377          5.7476

     Atom 75  O   pos: (  0.478631  0.050715  1.678012)  bare sigma:          14.61
            19.4765         22.6654        -40.5417
            33.6792         18.5921        -17.5661
           -25.8685        -27.3377          5.7476

     Atom 76  O   pos: (  0.949285  0.521369  1.634039)  bare sigma:          14.61
            18.5921         33.6792        -17.5661
            22.6654         19.4765        -40.5417
           -27.3377        -25.8685          5.7476

     Atom 77  O   pos: (  0.050715  0.478631  4.946090)  bare sigma:          14.61
            18.5921         33.6792         17.5661
            22.6654         19.4765         40.5417
            27.3377         25.8685          5.7476

     Atom 78  O   pos: (  0.550405  0.021185  3.334050)  bare sigma:          14.60
            18.5889        -33.6893        -17.5474
           -22.6690         19.4784         40.5119
           -27.3442         25.8555          5.7397

     Atom 79  O   pos: (  0.978815  0.449595  6.602102)  bare sigma:          14.60
            19.4784        -22.6690         40.5119
           -33.6893         18.5889        -17.5474
            25.8555        -27.3442          5.7397

     Atom 80  O   pos: (  0.021185  0.550405  3.290051)  bare sigma:          14.60
            19.4784        -22.6690        -40.5119
           -33.6893         18.5889         17.5474
           -25.8555         27.3442          5.7397

     Diamagnetic contribution in ppm:
 
     Atom  1  N   pos: (  0.777101 -0.021951  6.309762)  dia sigma:          10.22
            10.2916          0.2519         -0.1962
             0.2519         10.1246          0.1178
            -0.1962          0.1178         10.2557

     Atom  2  N   pos: (  0.522110  0.276835  4.653785)  dia sigma:          10.22
            10.1244         -0.2520         -0.1177
            -0.2520         10.2913         -0.1963
            -0.1177         -0.1963         10.2555

     Atom  3  N   pos: (  0.477890  0.723165  1.341734)  dia sigma:          10.22
            10.1244         -0.2520          0.1177
            -0.2520         10.2913          0.1963
             0.1177          0.1963         10.2555

     Atom  4  N   pos: (  0.276835  0.522110  1.970317)  dia sigma:          10.22
            10.2913         -0.2520          0.1963
            -0.2520         10.1244          0.1177
             0.1963          0.1177         10.2555

     Atom  5  N   pos: (  0.723165  0.477890  5.282368)  dia sigma:          10.22
            10.2913         -0.2520         -0.1963
            -0.2520         10.1244         -0.1177
            -0.1963         -0.1177         10.2555

     Atom  6  N   pos: (  0.222899  1.021951  2.997711)  dia sigma:          10.22
            10.2916          0.2519          0.1962
             0.2519         10.1246         -0.1178
             0.1962         -0.1178         10.2557

     Atom  7  N   pos: ( -0.021951  0.777101  0.314340)  dia sigma:          10.22
            10.1246          0.2519         -0.1178
             0.2519         10.2916          0.1962
            -0.1178          0.1962         10.2557

     Atom  8  N   pos: (  1.021951  0.222899  3.626391)  dia sigma:          10.22
            10.1246          0.2519          0.1178
             0.2519         10.2916         -0.1962
             0.1178         -0.1962         10.2557

     Atom  9  H   pos: (  0.869576  0.145926  6.398950)  dia sigma:           1.02
             1.0197         -0.0000          0.0000
            -0.0000          1.0197         -0.0000
             0.0000         -0.0000          1.0197

     Atom 10  H   pos: (  0.354272  0.369303  4.742988)  dia sigma:           1.02
             1.0199         -0.0000          0.0000
            -0.0000          1.0199          0.0000
             0.0000          0.0000          1.0199

     Atom 11  H   pos: (  0.645728  0.630697  1.430938)  dia sigma:           1.02
             1.0199         -0.0000         -0.0000
            -0.0000          1.0199         -0.0000
            -0.0000         -0.0000          1.0199

     Atom 12  H   pos: (  0.369303  0.354272  1.881113)  dia sigma:           1.02
             1.0199         -0.0000         -0.0000
            -0.0000          1.0199         -0.0000
            -0.0000         -0.0000          1.0199

     Atom 13  H   pos: (  0.630697  0.645728  5.193164)  dia sigma:           1.02
             1.0199         -0.0000          0.0000
            -0.0000          1.0199          0.0000
             0.0000          0.0000          1.0199

     Atom 14  H   pos: (  0.130424  0.854074  3.086899)  dia sigma:           1.02
             1.0197         -0.0000         -0.0000
            -0.0000          1.0197          0.0000
            -0.0000          0.0000          1.0197

     Atom 15  H   pos: (  0.145926  0.869576  0.225152)  dia sigma:           1.02
             1.0197         -0.0000          0.0000
            -0.0000          1.0197         -0.0000
             0.0000         -0.0000          1.0197

     Atom 16  H   pos: (  0.854074  0.130424  3.537203)  dia sigma:           1.02
             1.0197         -0.0000         -0.0000
            -0.0000          1.0197          0.0000
            -0.0000          0.0000          1.0197

     Atom 17  H   pos: (  0.829403  0.913628  6.117522)  dia sigma:           1.04
             1.0449         -0.0000          0.0000
            -0.0000          1.0449         -0.0000
             0.0000         -0.0000          1.0449

     Atom 18  H   pos: (  0.586568  0.329148  4.461538)  dia sigma:           1.04
             1.0447         -0.0000          0.0000
            -0.0000          1.0447          0.0000
             0.0000          0.0000          1.0447

     Atom 19  H   pos: (  0.413432  0.670852  1.149487)  dia sigma:           1.04
             1.0447         -0.0000         -0.0000
            -0.0000          1.0447         -0.0000
            -0.0000         -0.0000          1.0447

     Atom 20  H   pos: (  0.329148  0.586568  2.162564)  dia sigma:           1.04
             1.0447         -0.0000         -0.0000
            -0.0000          1.0447         -0.0000
            -0.0000         -0.0000          1.0447

     Atom 21  H   pos: (  0.670852  0.413432  5.474615)  dia sigma:           1.04
             1.0447         -0.0000          0.0000
            -0.0000          1.0447          0.0000
             0.0000          0.0000          1.0447

     Atom 22  H   pos: (  0.170597  0.086372  2.805471)  dia sigma:           1.04
             1.0449         -0.0000         -0.0000
            -0.0000          1.0449          0.0000
            -0.0000          0.0000          1.0449

     Atom 23  H   pos: (  0.913628  0.829403  0.506580)  dia sigma:           1.04
             1.0449         -0.0000          0.0000
